1582893224370,0.020385742,0.006729126,0.02027893
1582893224409,0.018249512,0.006591797,0.019714355
1582893224427,-0.016143799,0.006652832,0.0045928955
1582893224446,0.10949707,0.03227234,-0.016159058
1582893224467,-0.00340271,-0.0070648193,0.0026245117
1582893224485,-0.12075806,0.01008606,-0.012573242
1582893224505,0.010803223,0.017333984,-0.0051116943
1582893224525,0.10592651,0.018920898,-0.0053100586
1582893224542,-0.035995483,-0.0032348633,0.002243042
1582893224561,-0.11204529,0.004852295,-0.0072784424
1582893224593,0.05064392,0.018310547,-0.0043945312
1582893224601,0.08772278,0.01121521,-0.0013580322
1582893224619,-0.067718506,-0.0018157959,-6.713867E-4
1582893224637,-0.0821228,0.005874634,-0.0076904297
1582893224656,0.071502686,0.016708374,-0.015335083
1582893224679,0.06333923,0.0049438477,-0.0033111572
1582893224695,-0.09335327,-0.003250122,0.007675171
1582893224715,-0.055419922,0.0040130615,0.023971558
1582893224735,0.11412048,0.028213501,0.006225586
1582893224766,0.03553772,-0.012023926,0.003829956
1582893224774,-0.13435364,-0.0013885498,-0.027191162
1582893224792,-0.045166016,-0.0068206787,-0.013763428
1582893224809,0.15289307,0.024032593,-0.02861023
1582893224830,0.017654419,-0.0101623535,4.5776367E-5
1582893224868,-0.17512512,-0.0076293945,-0.014877319
1582893224888,0.008056641,0.0069732666,-0.002029419
1582893224907,0.15005493,0.015319824,-0.004714966
1582893224927,-0.026641846,-0.016082764,0.0071411133
1582893224946,-0.13937378,0.003479004,-0.009460449
1582893224966,0.032562256,-0.0018157959,0.011077881
1582893224992,0.13790894,0.01914978,-0.0049743652
1582893225002,-0.08407593,-0.012542725,-0.0016021729
1582893225021,-0.090164185,1.373291E-4,-0.00970459
1582893225041,0.073150635,0.007675171,-0.005432129
1582893225060,0.06565857,-7.6293945E-4,-0.0024108887
1582893225079,-0.067108154,-0.013076782,0.007385254
1582893225098,-0.07757568,-0.009429932,0.011962891
1582893225125,0.081466675,0.004486084,0.008712769
1582893225147,0.053329468,-0.011184692,0.019042969
1582893225154,-0.09413147,-0.014282227,0.019821167
1582893225173,-0.056533813,-0.013320923,0.023651123
1582893225193,0.110687256,0.023635864,9.613037E-4
1582893225213,0.012237549,-0.02507019,0.020874023
1582893225232,-0.09211731,0.008026123,-5.645752E-4
1582893225251,-0.058013916,-0.016311646,0.0104522705
1582893225271,0.14323425,0.044525146,-0.03227234
1582893225288,-0.015060425,-0.025283813,-0.001449585
1582893225308,-0.110809326,0.026794434,-0.03036499
1582893225345,-0.01864624,-0.009841919,0.003982544
1582893225364,0.12426758,0.051956177,-0.030639648
1582893225387,-0.032714844,-0.01979065,0.0030059814
1582893225405,-0.0683136,0.02381897,-0.01751709
1582893225424,-0.03100586,-0.00592041,0.00440979
1582893225443,0.105789185,0.041290283,-0.014129639
1582893225462,-0.027618408,-0.009811401,0.017303467
1582893225482,-0.08103943,0.005264282,0.004272461
1582893225509,0.004135132,0.008041382,-0.0054016113
1582893225538,0.08610535,0.019241333,-0.022140503
1582893225543,-0.029815674,-0.006790161,-0.023971558
1582893225557,-0.07058716,-0.007827759,-0.027038574
1582893225577,0.015167236,0.012054443,-0.02848816
1582893225597,0.06414795,0.0026397705,-0.01600647
1582893225614,-0.016952515,-0.00440979,-0.0118255615
1582893225635,-0.07463074,-0.01966858,-0.0026245117
1582893225655,0.023162842,0.015319824,-0.007156372
1582893225674,0.053619385,-0.00920105,0.008911133
1582893225693,0.015289307,-0.004348755,5.950928E-4
1582893225712,-0.1270752,-0.022842407,-0.0018920898
1582893225743,0.019317627,0.018341064,-0.004989624
1582893225752,0.11300659,-0.008728027,0.015167236
1582893225768,-0.022827148,0.0021514893,0.0028839111
1582893225806,-0.15509033,-0.02809143,0.006088257
1582893225826,0.06967163,0.02659607,-1.5258789E-5
1582893225846,0.078125,-0.012008667,0.014526367
1582893225865,-0.012619019,-0.004058838,0.0013122559
1582893225885,-0.14497375,-0.016937256,-0.00289917
1582893225905,0.0695343,0.018295288,-2.593994E-4
1582893225925,0.08441162,-0.0079956055,0.011566162
1582893225941,-0.05015564,-0.0025024414,-0.0015258789
1582893225959,-0.10441589,-0.0054779053,-0.0028686523
1582893225988,0.08218384,0.01210022,6.5612793E-4
1582893226002,0.068984985,-0.0038909912,1.5258789E-4
1582893226017,-0.09690857,-0.01411438,-0.010314941
1582893226038,-0.053146362,3.2043457E-4,-0.017532349
1582893226056,0.09761047,0.008392334,-0.0128479
1582893226076,0.041503906,-0.007751465,-0.0066986084
1582893226114,-0.1343689,-0.021377563,-0.007843018
1582893226114,-0.008407593,0.0079193115,-0.010635376
1582893226133,0.10940552,-0.007965088,0.0051727295
1582893226151,0.0234375,-0.006942749,0.0072784424
1582893226171,-0.16984558,-0.030471802,0.013305664
1582893226189,0.04789734,0.017089844,0.008407593
1582893226210,0.113601685,-0.018981934,0.024734497
1582893226230,-0.014450073,-0.0016174316,0.009460449
1582893226248,-0.18034363,-0.036575317,0.014160156
1582893226288,0.08934021,0.03250122,0.0011444092
1582893226311,0.08018494,-0.019302368,0.022537231
1582893226325,-0.027694702,-9.1552734E-5,4.5776367E-5
1582893226343,-0.12402344,-0.015533447,-0.0032806396
1582893226362,0.07081604,0.026275635,-0.012313843
1582893226389,0.06460571,-0.005935669,-7.324219E-4
1582893226403,-0.062927246,0.0050811768,-0.012893677
1582893226421,-0.07537842,-0.002166748,-0.010620117
1582893226441,0.07707214,0.02973938,-0.017028809
1582893226458,0.043411255,0.0027160645,-0.003921509
1582893226495,-0.0803833,0.0016937256,-0.008834839
1582893226499,-0.04724121,0.015380859,-0.009994507
1582893226518,0.08453369,0.01373291,0.0010986328
1582893226534,0.035232544,0.008026123,0.0036315918
1582893226555,-0.113708496,-0.003967285,0.0027313232
1582893226575,-0.0010223389,0.024337769,6.4086914E-4
1582893226595,0.0796051,0.006088257,0.013717651
1582893226613,0.0023040771,0.014801025,0.0028533936
1582893226632,-0.11831665,-0.005126953,0.0011291504
1582893226650,0.044158936,0.041305542,-0.012039185
1582893226671,0.06465149,0.003326416,0.0034332275
1582893226701,-0.017364502,0.022109985,-0.013809204
1582893226707,-0.12989807,-0.013198853,-0.010971069
1582893226747,0.067108154,0.047180176,-0.033737183
1582893226766,0.049346924,-0.0071105957,-0.017028809
1582893226794,-0.0099487305,0.010681152,-0.025238037
1582893226805,-0.1240387,-0.015045166,-0.0140686035
1582893226824,0.06567383,0.0262146,-0.02067566
1582893226843,0.05970764,-0.013458252,4.119873E-4
1582893226883,-0.04446411,-0.0128479,0.0030212402
1582893226886,-0.09213257,-0.015716553,0.008041382
1582893226899,0.07266235,0.00390625,0.017410278
1582893226920,0.046447754,-0.019866943,0.028686523
1582893226939,-0.059783936,-0.023620605,0.022583008
1582893226958,-0.047348022,-0.010482788,0.016433716
1582893226979,0.074142456,-0.010803223,0.021774292
1582893226997,0.03555298,-0.015625,0.016311646
1582893227014,-0.096084595,-0.028549194,0.013504028
1582893227036,-0.0066833496,0.0025177002,0.005203247
1582893227069,0.086639404,-0.010314941,0.01878357
1582893227074,0.007843018,0.0016937256,0.00630188
1582893227091,-0.14248657,-0.03010559,0.010406494
1582893227111,0.06770325,0.026641846,-0.014221191
1582893227131,0.07623291,-0.011627197,1.5258789E-4
1582893227149,-0.012069702,0.0016326904,-0.015777588
1582893227181,-0.15301514,-0.027252197,-0.005340576
1582893227188,0.099990845,0.028640747,-0.024276733
1582893227226,0.09060669,-0.019836426,-0.0037384033
1582893227245,-0.052856445,-0.0021972656,-0.0206604
1582893227268,-0.12866211,-0.04220581,0.0038452148
1582893227285,0.12516785,0.024475098,-0.0064086914
1582893227305,0.03968811,-0.034301758,0.021591187
1582893227321,-0.06323242,-0.019226074,0.015136719
1582893227340,-0.08250427,-0.032592773,0.023071289
1582893227360,0.105026245,-0.00642395,0.018356323
1582893227379,0.03538513,-0.033935547,0.02128601
1582893227397,-0.0869751,-0.02619934,0.00869751
1582893227416,-0.050109863,-0.026046753,0.009506226
1582893227452,0.107666016,-0.017105103,0.0098724365
1582893227455,0.014602661,-0.0256958,0.00881958
1582893227474,-0.13871765,-0.041366577,0.015411377
1582893227494,0.0211792,-0.005859375,0.007522583
1582893227514,0.13609314,-0.027648926,0.024871826
1582893227534,-0.052459717,-0.02456665,0.025115967
1582893227553,-0.15226746,-0.03616333,0.022949219
1582893227584,0.052978516,0.014328003,0.009155273
1582893227593,0.25938416,-0.0345459,0.037200928
1582893227608,-0.34178162,-0.018615723,0.0010070801
1582893227628,0.062210083,-0.0010070801,0.013519287
1582893227647,0.15875244,-0.002380371,-0.0013275146
1582893227686,-0.046966553,-0.004135132,0.015182495
1582893227708,-0.08857727,0.0027313232,0.0034179688
1582893227727,-0.044067383,-4.7302246E-4,-0.0010681152
1582893227746,0.16532898,0.020080566,0.0036315918
1582893227766,-0.07156372,0.024291992,-0.025924683
1582893227783,-0.028717041,-0.019241333,-0.008331299
1582893227802,0.04978943,0.045211792,-0.03501892
1582893227828,-0.0034942627,-0.013244629,-0.017425537
1582893227840,-0.090042114,0.017211914,-0.03437805
1582893227857,0.095443726,0.0068206787,-0.018875122
1582893227877,-0.0050811768,0.0062408447,-0.024246216
1582893227898,-0.03614807,-0.006210327,-0.023101807
1582893227919,0.018859863,0.0030212402,-0.022872925
1582893227942,-0.027404785,-0.0056762695,-0.023101807
1582893227958,0.1700592,0.0058288574,-0.00592041
1582893227987,-0.23312378,-0.021774292,-0.01914978
1582893227994,0.24890137,0.0,0.037582397
1582893228023,-0.18084717,0.010345459,-0.004547119
1582893228031,0.29830933,-0.022033691,0.087890625
1582893228050,-0.29925537,0.016021729,-0.015380859
1582893228070,0.3129425,-0.021591187,0.10484314
1582893228089,-0.18339539,0.010314941,-0.021072388
1582893228109,0.21000671,0.023971558,0.063323975
1582893228131,-0.25601196,-0.064453125,-0.017929077
1582893228168,0.15536499,0.090042114,0.00630188
1582893228187,-0.033554077,-0.0770874,0.0051879883
1582893228227,0.009399414,0.10542297,-0.018875122
1582893228227,0.03199768,-0.06437683,0.029327393
1582893228242,-0.112472534,0.09660339,-0.0047302246
1582893228261,0.13171387,-0.037094116,0.051971436
1582893228281,-0.13571167,0.08888245,-0.0066986084
1582893228302,0.09597778,-0.020263672,0.039749146
1582893228319,-0.14308167,0.0688324,-0.022323608
1582893228340,0.08308411,0.0017242432,0.016983032
1582893228358,0.024505615,0.048538208,-0.00340271
1582893228392,0.0056152344,0.03024292,-0.0028076172
1582893228401,-0.04675293,0.03996277,-0.017745972
1582893228415,-0.007827759,0.038253784,-0.037139893
1582893228433,0.05168152,0.05393982,-0.0395813
1582893228453,-0.15124512,0.018554688,-0.05670166
1582893228473,0.13890076,0.08317566,-0.054901123
1582893228493,-0.009628296,0.024383545,-0.08639526
1582893228514,0.007003784,0.08847046,-0.11024475
1582893228531,-0.072402954,-0.0017242432,-0.12944031
1582893228551,0.034118652,0.09817505,-0.14927673
1582893228569,0.2172699,-0.026062012,-0.15934753
1582893228611,-0.3320923,0.15031433,-0.29385376
1582893228626,0.33590698,-0.079208374,-0.20777893
1582893228644,-0.37496948,0.12397766,-0.34924316
1582893228665,0.437912,-0.05152893,-0.24571228
1582893228684,-0.29093933,0.12660217,-0.3996277
1582893228705,0.17201233,-0.025421143,-0.29223633
1582893228724,-0.15032959,0.09289551,-0.38461304
1582893228743,0.23779297,0.020553589,-0.3338623
1582893228761,-0.14305115,0.044662476,-0.39805603
1582893228783,0.03993225,0.052230835,-0.39518738
1582893228809,-0.02748108,0.037124634,-0.39535522
1582893228816,0.09080505,0.03477478,-0.3728485
1582893228835,-0.06808472,0.03338623,-0.34629822
1582893228855,0.10479736,0.047805786,-0.32505798
1582893228875,-0.033584595,0.054733276,-0.29092407
1582893228895,-0.045669556,0.034423828,-0.26133728
1582893228915,-0.073135376,0.07183838,-0.2705841
1582893228936,0.22938538,0.004135132,-0.21640015
1582893228954,-0.16168213,0.0705719,-0.28518677
1582893228973,0.2704773,-0.027923584,-0.24308777
1582893229008,-0.34477234,0.022888184,-0.32066345
1582893229009,0.10145569,-0.05935669,-0.28292847
1582893229028,0.01184082,0.010620117,-0.33703613
1582893229048,0.21458435,-0.034576416,-0.34840393
1582893229068,-0.5422058,-0.10533142,-0.33773804
1582893229107,0.43241882,0.00920105,-0.32118225
1582893229125,0.038345337,-0.075805664,-0.2427826
1582893229145,-0.17050171,-0.013702393,-0.21333313
1582893229186,-0.10546875,-0.07836914,-0.114151
1582893229187,0.43556213,0.028411865,-0.07362366
1582893229200,-0.20394897,-0.07173157,-0.03868103
1582893229219,0.051727295,-0.005340576,-0.051940918
1582893229238,0.035842896,-0.03567505,-0.07821655
1582893229261,-0.043029785,-0.014404297,-0.11172485
1582893229278,0.07800293,-0.015533447,-0.15226746
1582893229299,0.2119751,-0.0041503906,-0.2211914
1582893229319,-0.24134827,-0.035598755,-0.30082703
1582893229337,-0.07684326,-0.026473999,-0.3446045
1582893229356,0.168396,-0.030410767,-0.3674469
1582893229394,0.22955322,-0.008239746,-0.43356323
1582893229394,-0.35517883,-0.12327576,-0.41064453
1582893229414,0.19709778,0.009109497,-0.4731598
1582893229430,0.021240234,-0.118255615,-0.40176392
1582893229450,0.21342468,0.03742981,-0.5058899
1582893229468,-0.27200317,-0.17651367,-0.38713074
1582893229488,0.21939087,0.005218506,-0.44503784
1582893229509,0.07621765,-0.119140625,-0.33700562
1582893229526,-0.053604126,-0.0622406,-0.3350525
1582893229564,0.047409058,-0.12501526,-0.25732422
1582893229585,0.23904419,-0.084747314,-0.20271301
1582893229604,-0.10501099,-0.16220093,-0.16659546
1582893229623,-0.002380371,-0.1144104,-0.17045593
1582893229642,0.13392639,-0.11943054,-0.13871765
1582893229662,-0.007019043,-0.0884552,-0.1295166
1582893229682,0.24032593,-0.18237305,-0.0042419434
1582893229700,-0.26080322,-0.15653992,-0.016525269
1582893229724,0.14370728,-0.17503357,0.06289673
1582893229754,0.07887268,-0.14356995,0.06929016
1582893229757,-0.12690735,-0.18045044,0.10913086
1582893229785,-0.006668091,-0.18167114,0.1661377
1582893229794,0.09364319,-0.17575073,0.22233582
1582893229814,0.1709137,-0.16874695,0.28926086
1582893229834,-0.12722778,-0.1768341,0.3585968
1582893229855,-0.04234314,-0.16079712,0.43240356
1582893229873,0.034683228,-0.16113281,0.50701904
1582893229894,-0.003326416,-0.12942505,0.5469513
1582893229911,-0.063827515,-0.18260193,0.6047516
1582893229930,0.046417236,-0.09283447,0.61502075
1582893229960,0.24642944,-0.2026825,0.7285614
1582893229968,-0.4940338,-0.067718506,0.6669769
1582893229994,0.12837219,-0.1618805,0.7709503
1582893230005,-0.04093933,-0.005050659,0.7218323
1582893230046,0.23355103,-0.102493286,0.7658386
1582893230066,-0.29415894,-0.07173157,0.7115326
1582893230086,0.26156616,-0.08673096,0.6873169
1582893230104,-0.27478027,0.0052337646,0.5449524
1582893230131,0.17451477,-0.08026123,0.5801239
1582893230140,0.05999756,-0.016021729,0.51976013
1582893230158,-0.101623535,-0.0413208,0.49693298
1582893230185,-0.38990784,0.028564453,0.40249634
1582893230199,0.25445557,0.027511597,0.43063354
1582893230217,-0.050094604,0.07141113,0.3508606
1582893230239,0.1071167,0.037826538,0.33177185
1582893230257,-0.13101196,0.11003113,0.20195007
1582893230276,-0.04260254,0.079940796,0.14428711
1582893230299,0.119125366,0.10585022,0.065841675
1582893230315,0.32504272,0.056549072,0.047210693
1582893230345,-0.30984497,0.09729004,-0.06321716
1582893230351,-0.32537842,0.07069397,-0.11404419
1582893230382,0.46437073,0.19572449,-0.15872192
1582893230390,0.3930359,0.12548828,-0.15985107
1582893230410,-0.6011963,-0.013076782,-0.18067932
1582893230428,-0.17556763,0.105667114,-0.26652527
1582893230450,0.22146606,0.17562866,-0.37773132
1582893230468,0.46569824,0.07737732,-0.3348236
1582893230530,-0.42689514,0.0786438,-0.44580078
1582893230530,0.3637085,-0.029891968,-0.34603882
1582893230543,-0.105041504,0.17927551,-0.55244446
1582893230562,0.1427002,0.045043945,-0.4285431
1582893230581,-0.21133423,0.046417236,-0.43267822
1582893230600,0.45936584,-0.030395508,-0.24980164
1582893230619,-0.14074707,0.008422852,-0.25328064
1582893230639,-0.3595276,0.022140503,-0.21540833
1582893230659,0.046936035,0.022750854,-0.14694214
1582893230680,0.3170929,0.020935059,-0.08480835
1582893230698,-0.020401001,-0.048477173,-0.04814148
1582893230731,-0.26194763,-0.072891235,-0.027435303
1582893230740,0.03692627,-0.026824951,-0.029678345
1582893230754,0.217453,-0.03404236,8.8500977E-4
1582893230778,-0.0055236816,-0.037521362,0.007522583
1582893230794,0.046554565,-0.0871582,0.062072754
1582893230811,-0.73410034,-0.053848267,-0.043548584
1582893230831,0.11114502,-0.050216675,-0.018951416
1582893230852,0.1567688,-0.0128479,-0.10118103
1582893230872,0.026397705,-0.08654785,-0.0398407
1582893230890,-0.926178,-0.053100586,-0.15679932
1582893230919,0.29426575,-0.051315308,-0.059310913
1582893230927,0.8688507,-0.010025024,-0.044036865
1582893230945,-0.11833191,-0.058395386,-0.056015015
1582893230984,-0.39289856,-0.1463623,-0.033676147
1582893231005,-0.17471313,0.043014526,-0.1199646
1582893231023,0.1328125,-0.11947632,5.79834E-4
1582893231043,0.1745758,0.0031738281,-0.029403687
1582893231061,0.05178833,-0.14343262,0.057266235
1582893231102,-0.34887695,-0.07740784,0.022109985
1582893231103,0.04269409,-0.08552551,0.07096863
1582893231118,0.056015015,-0.089782715,0.1217041
1582893231136,-0.33184814,-0.110443115,0.14608765
1582893231156,-0.063827515,-0.10864258,0.19483948
1582893231192,0.49101257,-0.06021118,0.23753357
1582893231195,-0.042099,-0.097595215,0.24893188
1582893231215,-0.024246216,-0.09710693,0.28659058
1582893231235,-0.050720215,-0.090789795,0.32141113
1582893231254,-0.4728546,-0.10821533,0.33210754
1582893231273,0.06072998,-0.06802368,0.34651184
1582893231303,0.74638367,-0.037612915,0.39068604
1582893231325,-0.08717346,-0.03388977,0.34942627
1582893231329,-0.2068634,-0.078323364,0.38819885
1582893231349,-0.08544922,0.019805908,0.31788635
1582893231375,-0.17103577,-0.047531128,0.36102295
1582893231386,0.15945435,0.02998352,0.352005
1582893231405,0.19125366,-1.8310547E-4,0.40068054
1582893231445,0.17877197,0.033081055,0.3727417
1582893231487,0.09062195,0.10668945,0.29901123
1582893231487,0.20947266,0.0013122559,0.32609558
1582893231503,-0.555542,0.043441772,0.18948364
1582893231520,-0.2630005,0.01499939,0.16842651
1582893231539,0.49539185,0.10700989,0.13999939
1582893231558,-0.46768188,0.10331726,0.09202576
1582893231586,-0.28686523,0.072525024,0.08454895
1582893231596,0.723526,0.17971802,0.04812622
1582893231616,0.33106995,0.085006714,0.03315735
1582893231635,-0.5075989,0.055267334,-0.042495728
1582893231666,-0.13542175,0.0771637,-0.055526733
1582893231674,0.22523499,0.11291504,-0.049545288
1582893231693,0.27618408,0.13009644,-0.019226074
1582893231712,-0.13534546,0.077056885,0.012908936
1582893231732,-0.061950684,0.069610596,0.048950195
1582893231753,0.06427002,0.1630249,-0.016967773
1582893231782,0.24006653,0.06454468,0.043319702
1582893231788,-0.36601257,0.080200195,0.001373291
1582893231808,-0.11103821,0.07748413,0.032974243
1582893231828,0.29275513,0.10295105,0.024002075
1582893231870,0.2765808,0.12249756,0.04032898
1582893231870,-0.4440918,0.009414673,0.031799316
1582893231884,-0.40888977,0.10322571,-0.023956299
1582893231923,0.5149689,0.08917236,0.037384033
1582893231943,-0.07307434,0.15963745,-0.005584717
1582893231962,-0.11178589,0.054260254,0.050064087
1582893232003,-0.13182068,0.105667114,-5.79834E-4
1582893232003,-0.0476532,0.08288574,-0.0105896
1582893232019,0.23103333,0.10733032,-0.036361694
1582893232041,0.055007935,0.10638428,-0.041549683
1582893232056,-0.013031006,0.08413696,-0.054260254
1582893232076,-0.18287659,0.07771301,-0.07519531
1582893232096,-0.14338684,0.07795715,-0.11151123
1582893232117,0.14033508,0.10543823,-0.12701416
1582893232135,0.15940857,0.0949707,-0.13798523
1582893232156,-0.025634766,0.050460815,-0.13638306
1582893232184,0.18894958,0.059417725,-0.13638306
1582893232191,-0.055740356,0.07475281,-0.17218018
1582893232211,-0.38285828,-0.0065307617,-0.15045166
1582893232230,-0.072402954,0.0872345,-0.18862915
1582893232259,0.37164307,0.007232666,-0.12031555
1582893232268,0.09408569,0.104660034,-0.19017029
1582893232287,0.3454895,-0.016540527,-0.07762146
1582893232307,-0.453125,0.041488647,-0.19976807
1582893232328,0.39645386,-0.04118347,-0.08052063
1582893232346,-0.17906189,0.010574341,-0.16046143
1582893232385,-0.6949768,0.0025177002,-0.14231873
1582893232403,0.3761444,-0.02633667,-0.03413391
1582893232438,0.5412903,0.03250122,6.866455E-4
1582893232441,-0.21092224,-0.12225342,0.023254395
1582893232460,-0.7373047,0.010406494,-0.10983276
1582893232479,0.14363098,-0.046417236,-0.022384644
1582893232498,-0.021835327,-0.006668091,-0.044067383
1582893232518,0.4599762,-0.043502808,0.07362366
1582893232538,-0.10614014,-0.06819153,0.08076477
1582893232560,-0.5714569,-0.09359741,0.06391907
1582893232577,0.071502686,-0.032043457,0.025238037
1582893232604,0.8662567,0.009307861,0.08872986
1582893232613,-0.36401367,-0.043807983,0.0740509
1582893232631,-1.0497742,-0.12915039,0.07015991
1582893232651,-0.087402344,-0.06335449,0.08699036
1582893232671,1.1586304,0.028335571,0.12037659
1582893232692,0.050567627,-0.03692627,0.1354065
1582893232710,-1.0340118,-0.10752869,0.12168884
1582893232731,-0.42425537,-0.04069519,0.09365845
1582893232748,1.2999725,0.04647827,0.19987488
1582893232769,0.7311554,0.07632446,0.15776062
1582893232792,-0.81292725,-0.09251404,0.18005371
1582893232812,-0.1741333,0.0073394775,0.10787964
1582893232823,0.25672913,0.12208557,0.08151245
1582893232863,0.55288696,0.032821655,0.11302185
1582893232883,0.076812744,0.0521698,0.110687256
1582893232902,-0.31463623,-0.040130615,0.10093689
1582893232921,-0.13265991,0.10180664,-0.017089844
1582893232940,0.29589844,0.06436157,0.007247925
1582893232959,-0.105789185,0.021759033,-0.0063476562
1582893232993,-0.00819397,-0.0053863525,-0.0069732666
1582893232998,-0.13624573,0.028579712,-0.08049011
1582893233027,0.32901,0.07185364,-0.06713867
1582893233034,0.12805176,0.0284729,-0.048339844
1582893233053,-0.34054565,-0.047714233,0.008239746
1582893233075,-0.3567047,0.034866333,-0.011245728
1582893233094,-0.124938965,0.03919983,0.018844604
1582893233115,0.026016235,0.06149292,0.04144287
1582893233134,0.2680359,0.06422424,0.08943176
1582893233152,0.17100525,0.011077881,0.13241577
1582893233195,-0.5079193,-0.035369873,0.12130737
1582893233197,-0.90385437,0.014587402,-0.030914307
1582893233231,0.47824097,0.08584595,0.01737976
1582893233231,1.0028229,0.13496399,0.04156494
1582893233245,-0.6642151,-0.022979736,0.043289185
1582893233265,-0.7295532,-0.07748413,-0.030914307
1582893233285,0.0069274902,0.12799072,-0.17974854
1582893233325,0.6292114,0.049606323,-0.11691284
1582893233344,-0.35951233,0.09333801,-0.22775269
1582893233363,0.038375854,-0.10580444,-0.034347534
1582893233398,0.45329285,0.06774902,-0.13406372
1582893233399,0.6615143,-0.030044556,-0.0393219
1582893233417,-1.1204071,-0.063705444,-0.14974976
1582893233437,-0.80096436,-0.03086853,-0.1381073
1582893233458,0.4213562,0.03526306,-0.094436646
1582893233478,0.7209015,0.02684021,-0.031417847
1582893233496,0.25248718,-0.05458069,0.016921997
1582893233516,-0.26034546,-0.0887146,0.01713562
1582893233536,-0.39794922,-0.04875183,-0.01927185
1582893233555,-0.4815979,-0.039749146,-0.062042236
1582893233574,0.48632812,-0.06388855,0.046585083
1582893233597,0.7169342,-0.05126953,0.108184814
1582893233609,-0.045288086,-0.13076782,0.15386963
1582893233628,-0.6138458,-0.008544922,0.07652283
1582893233649,0.1378479,-0.034591675,0.10661316
1582893233668,1.0097198,0.031799316,0.16035461
1582893233687,-0.67593384,-0.16600037,0.23196411
1582893233707,-1.4776459,-0.12680054,0.07032776
1582893233727,0.69348145,-0.08804321,0.21531677
1582893233745,0.7216034,0.18510437,0.14343262
1582893233791,-0.5753021,-0.10444641,0.31150818
1582893233801,-1.3638153,-0.13012695,0.193573
1582893233820,1.1451416,0.0879364,0.3010559
1582893233841,1.974472,0.26176453,0.22225952
1582893233863,-0.74972534,0.026657104,0.121292114
1582893233880,-0.6620636,-0.07891846,0.23068237
1582893233901,-0.5213623,0.10890198,0.030090332
1582893233921,0.09977722,-0.014404297,0.09210205
1582893233941,-0.076034546,0.0872345,-0.03152466
1582893233956,0.12435913,0.009170532,0.082962036
1582893233991,-0.4611969,0.057556152,0.047424316
1582893233993,0.28129578,0.042892456,0.09056091
1582893234012,1.0202179,0.12947083,0.058517456
1582893234033,-0.38980103,0.06820679,-0.040359497
1582893234052,-0.14720154,0.08654785,-0.048095703
1582893234073,0.0043792725,0.08560181,-0.012924194
1582893234090,-0.47349548,0.042282104,0.0116119385
1582893234110,0.1330719,0.10838318,0.071884155
1582893234129,-0.13774109,0.08706665,0.07052612
1582893234174,0.02859497,0.10032654,0.049102783
1582893234178,0.9872284,0.17124939,0.045425415
1582893234185,0.30569458,0.13079834,0.026397705
1582893234205,-1.4238892,-0.005844116,-0.07357788
1582893234225,0.13291931,0.16125488,-0.077560425
1582893234264,0.15750122,0.19206238,-0.15394592
1582893234284,0.16772461,0.15661621,-0.115600586
1582893234303,-0.05659485,0.05796814,-0.1013031
1582893234321,-0.17921448,0.08053589,-0.15657043
1582893234340,-0.58226013,0.15797424,-0.36601257
1582893234370,1.102768,0.15052795,-0.27201843
1582893234401,0.15136719,0.018325806,-0.2982788
1582893234402,-0.84954834,-0.058303833,-0.3274994
1582893234415,0.10636902,0.074783325,-0.34857178
1582893234437,-0.20986938,0.00793457,-0.3186798
1582893234455,-0.8256073,-0.1078949,-0.28349304
1582893234474,0.19630432,-0.026107788,-0.23878479
1582893234494,0.7297516,0.049209595,-0.21679688
1582893234520,0.09649658,-0.045013428,-0.18302917
1582893234559,-0.3945465,-0.103302,-0.15112305
1582893234559,-0.22415161,-0.0036468506,-0.19465637
1582893234569,0.34240723,-0.012634277,-0.057556152
1582893234590,-0.29434204,-0.08355713,-0.011199951
1582893234608,0.42123413,-0.110839844,0.0904541
1582893234627,-0.109375,0.012969971,-0.048965454
1582893234647,-0.705307,-0.033615112,-0.058013916
1582893234666,-0.7684784,-0.12113953,-0.049743652
1582893234686,0.5136566,-0.08190918,0.001083374
1582893234704,1.8337708,0.10360718,-0.028930664
1582893234741,-0.997879,-0.14544678,-0.12409973
1582893234761,-1.0739594,-0.09202576,-0.27546692
1582893234781,0.97843933,-0.021636963,-0.1995697
1582893234799,0.33499146,7.6293945E-4,-0.21485901
1582893234817,-0.7869415,-0.22441101,-0.14787292
1582893234838,-0.9822998,-0.21888733,-0.16781616
1582893234861,1.0739136,-0.115112305,-0.035736084
1582893234879,1.2988129,0.045928955,-0.030227661
1582893234903,-1.1617737,-0.16595459,-0.001159668
1582893234945,-1.0961761,-0.25862122,0.07891846
1582893234945,0.82936096,-0.13668823,0.14982605
1582893234952,0.45205688,-0.0874176,0.10417175
1582893234972,-0.9777374,-0.20593262,0.08518982
1582893234991,-0.021438599,-0.21955872,0.22294617
1582893235011,1.4523315,-0.0128479,0.2861786
1582893235030,0.48379517,-0.17320251,0.40065002
1582893235050,-1.2996063,-0.19779968,0.27861023
1582893235070,-0.24130249,-0.12924194,0.285141
1582893235089,0.5800171,-0.055267334,0.2928772
1582893235128,-0.22351074,-0.15846252,0.32962036
1582893235128,-0.41656494,-0.102386475,0.29891968
1582893235144,0.5753021,-0.083724976,0.38171387
1582893235164,0.30256653,-0.029159546,0.39988708
1582893235203,-0.59220886,0.012878418,0.34561157
1582893235222,0.52778625,-0.022323608,0.4593048
1582893235242,0.05558777,0.097351074,0.33537292
1582893235263,-0.3665619,-0.050216675,0.34492493
1582893235280,-0.2810974,0.10910034,0.22317505
1582893235300,0.5309601,0.044677734,0.2950287
1582893235326,0.17956543,0.1005249,0.2559967
1582893235336,-0.23924255,0.0602417,0.24099731
1582893235355,-0.12580872,0.12251282,0.17181396
1582893235393,0.46528625,0.13713074,0.14915466
1582893235394,0.22850037,0.11550903,0.08947754
1582893235413,-0.72998047,0.026519775,0.016281128
1582893235432,-0.5449066,0.10044861,-0.059814453
1582893235453,0.48239136,0.18109131,-0.04246521
1582893235472,0.6384125,0.14552307,0.008407593
1582893235516,-0.28231812,0.08699036,-0.016494751
1582893235517,-0.22462463,0.03944397,-0.012359619
1582893235527,0.1076355,0.17922974,-0.08442688
1582893235547,-0.033798218,0.14930725,-0.08114624
1582893235565,0.1855774,0.06401062,-0.0021972656
1582893235585,-0.22808838,0.100357056,-0.008178711
1582893235606,-0.25405884,0.104263306,-0.008728027
1582893235626,0.29385376,0.1599884,0.014709473
1582893235645,0.2283783,0.14677429,-0.0027618408
1582893235689,0.45204163,0.12649536,0.024673462
1582893235699,-0.16235352,0.11691284,-0.009307861
1582893235718,-0.9071045,-0.0014801025,-0.050689697
1582893235740,-0.71798706,0.09602356,-0.16716003
1582893235757,0.5820465,0.15873718,-0.1511383
1582893235797,0.84921265,0.19422913,-0.13298035
1582893235800,-0.056533813,0.06185913,-0.091552734
1582893235814,-0.07662964,0.0771637,-0.14439392
1582893235835,0.22717285,0.07133484,-0.15054321
1582893235858,-0.10093689,0.07185364,-0.17489624
1582893235873,-0.24464417,0.07627869,-0.18243408
1582893235891,0.20491028,0.047317505,-0.111312866
1582893235910,-0.14976501,0.019302368,-0.10827637
1582893235930,-0.52101135,0.017990112,-0.14247131
1582893235951,0.010650635,0.072280884,-0.13763428
1582893235977,0.28549194,0.07539368,-0.09538269
1582893235991,0.64697266,0.03755188,-0.026641846
1582893236007,-0.43121338,0.0010070801,-0.06713867
1582893236027,-1.3947906,-0.028320312,-0.15411377
1582893236047,0.063079834,0.042556763,-0.14570618
1582893236085,1.9629517,0.16481018,-0.08103943
1582893236085,-0.26182556,-0.0038452148,-0.07939148
1582893236102,-2.191742,-0.09236145,-0.14920044
1582893236142,0.33433533,0.06422424,-0.07556152
1582893236161,1.9755554,0.15919495,-0.030059814
1582893236197,-0.08808899,0.04421997,-0.14846802
1582893236200,-1.8443146,-0.09725952,-0.23634338
1582893236218,0.4855194,0.05567932,-0.1665802
1582893236238,1.151474,0.12168884,-0.14447021
1582893236258,-0.12107849,0.004486084,-0.15948486
1582893236285,-0.4989624,-0.014556885,-0.18014526
1582893236295,0.21812439,0.06387329,-0.18675232
1582893236314,0.6534271,0.03555298,-0.16246033
1582893236332,0.0809021,-0.038742065,-0.15969849
1582893236353,-0.7819824,-0.08039856,-0.22261047
1582893236383,-0.38093567,0.0030975342,-0.27690125
1582893236390,0.6284485,0.059814453,-0.2361145
1582893236409,0.54026794,-0.020980835,-0.16921997
1582893236430,0.11654663,-0.098861694,-0.12701416
1582893236468,-0.002609253,-0.05606079,-0.1762085
1582893236470,-0.448761,-0.033676147,-0.20715332
1582893236485,-0.627121,-0.11929321,-0.16984558
1582893236506,0.50590515,-0.029830933,-0.094070435
1582893236527,0.72901917,-0.10646057,0.014846802
1582893236547,-0.3609619,-0.07801819,-0.045074463
1582893236584,-0.46928406,-0.0738678,-0.08023071
1582893236584,0.71813965,-0.06300354,0.026565552
1582893236621,-0.9649658,-0.08746338,-0.0446167
1582893236646,-0.9174347,-0.14787292,-0.011734009
1582893236659,0.79618835,0.011810303,0.032440186
1582893236678,0.8399658,-0.081344604,0.13569641
1582893236698,0.06904602,-0.060165405,0.002960205
1582893236719,-0.19696045,-0.0700531,-0.035491943
1582893236737,-0.25753784,-0.010116577,-0.09298706
1582893236759,-0.055038452,-0.09902954,-0.055770874
1582893236776,0.2401886,-0.09396362,-0.041610718
1582893236802,-0.8315277,-0.101486206,-0.16163635
1582893236813,-0.4729004,-0.11264038,-0.15925598
1582893236850,1.1242218,0.013442993,-0.11807251
1582893236850,0.5492401,-0.08454895,-0.08018494
1582893236869,-1.0595856,-0.13589478,-0.17660522
1582893236889,-0.9738922,-0.17675781,-0.19146729
1582893236910,0.2372284,-0.080841064,-0.14909363
1582893236930,0.69659424,-0.042022705,-0.082855225
1582893236948,0.8605957,-0.076675415,-0.0018615723
1582893236984,0.61535645,-0.1798706,0.16200256
1582893236984,-1.2470245,-0.1048584,-0.0309906
1582893237006,-0.92419434,-0.25886536,0.06488037
1582893237037,0.056884766,0.013442993,-0.053009033
1582893237044,1.7389374,-0.059127808,0.20506287
1582893237080,-0.2819519,-0.16552734,0.12054443
1582893237102,-1.1391754,-0.21331787,0.12719727
1582893237122,0.14250183,-0.099731445,0.12698364
1582893237140,1.37146,0.026885986,0.23469543
1582893237160,-0.5539856,-0.18823242,0.2650299
1582893237179,-0.95547485,-0.18885803,0.22328186
1582893237205,-0.27919006,-0.06466675,0.15776062
1582893237215,0.6512909,0.023666382,0.20011902
1582893237235,1.0411072,-0.0032806396,0.24797058
1582893237254,0.18811035,-0.107055664,0.32157898
1582893237273,-1.6423645,-0.12686157,0.21325684
1582893237294,-0.4040985,0.0065460205,0.15325928
1582893237313,1.231781,0.093322754,0.19436646
1582893237332,0.76171875,-0.014892578,0.20811462
1582893237351,-0.16894531,-0.07846069,0.1411438
1582893237391,-0.4820099,-0.08180237,0.12394714
1582893237396,-0.7079773,-0.03855896,0.052886963
1582893237425,0.007080078,0.00932312,0.06585693
1582893237425,1.3413391,0.041381836,0.17610168
1582893237444,-0.7813873,-0.0138549805,0.09739685
1582893237465,-0.9922943,-0.20640564,0.13560486
1582893237484,0.61099243,0.21678162,-0.12466431
1582893237505,1.7216644,-0.11805725,0.22415161
1582893237523,-1.7313843,0.080963135,-0.08888245
1582893237563,-0.3380127,-0.20985413,0.27235413
1582893237582,0.5531769,0.22564697,0.052764893
1582893237613,0.7281647,-0.18496704,0.35684204
1582893237618,-0.8148804,0.14379883,0.040786743
1582893237636,-0.49397278,0.0077819824,0.14494324
1582893237655,0.1471405,0.01637268,0.18891907
1582893237678,1.043869,0.07951355,0.29319763
1582893237695,0.117385864,0.0068359375,0.31063843
1582893237716,-1.5383911,-0.02229309,0.16467285
1582893237734,-0.1749878,0.08439636,0.14604187
1582893237752,1.2407227,0.1985321,0.16474915
1582893237795,0.093673706,0.08706665,0.14428711
1582893237798,-0.27685547,0.0044403076,0.1672821
1582893237817,0.13960266,0.1255951,0.10760498
1582893237827,-0.04989624,0.10298157,0.089157104
1582893237848,0.31088257,0.16491699,0.022079468
1582893237867,0.023742676,0.08206177,0.0690155
1582893237886,-1.5677948,0.05491638,-0.097351074
1582893237905,0.5099335,0.12535095,-0.027114868
1582893237925,2.0159454,0.20817566,-0.00680542
1582893237944,-1.6225433,0.07348633,-0.15568542
1582893237967,-1.2528229,-0.09486389,-0.092681885
1582893237986,0.37478638,0.2645111,-0.11795044
1582893238020,1.5706024,0.14349365,0.02810669
1582893238040,-0.93092346,0.12782288,-0.16700745
1582893238060,-0.05555725,-0.0042266846,-0.05303955
1582893238078,0.044403076,0.23713684,-0.12844849
1582893238100,0.5960541,-0.015167236,0.050094604
1582893238119,-0.29478455,0.14445496,-0.07247925
1582893238139,-0.013961792,0.03186035,0.009490967
1582893238158,-0.14915466,0.1828003,-0.09863281
1582893238208,0.28396606,0.08140564,-0.0020599365
1582893238208,-0.1613617,0.07270813,-0.037475586
1582893238212,-0.54434204,0.07800293,-0.0710907
1582893238231,-0.20457458,0.13043213,-0.12513733
1582893238252,1.0367279,0.105148315,-0.025634766
1582893238271,0.7777405,0.14830017,-0.04598999
1582893238291,-0.16636658,-0.009384155,-0.0064086914
1582893238309,-0.8101196,0.09864807,-0.21217346
1582893238329,0.0048065186,0.08163452,-0.23173523
1582893238350,0.5736542,0.2320404,-0.29777527
1582893238368,-0.8037567,-0.07254028,-0.14108276
1582893238408,0.089035034,-0.0028686523,-0.113342285
1582893238408,1.44487,0.19619751,-0.14231873
1582893238423,0.003250122,-0.024658203,-0.098342896
1582893238443,-2.3855743,0.057525635,-0.3387146
1582893238463,-0.14984131,-0.117385864,-0.12013245
1582893238501,1.554657,0.30523682,-0.2607422
1582893238522,1.0731812,-0.12057495,-0.0071258545
1582893238540,-1.156662,0.01512146,-0.24230957
1582893238559,-0.3511505,-0.027770996,-0.14031982
1582893238590,1.0042114,0.039001465,-0.042251587
1582893238597,-0.61842346,-0.08735657,-0.061706543
1582893238614,-0.5782013,-0.08078003,-0.16197205
1582893238634,0.09315491,0.0010528564,-0.1449585
1582893238653,0.03895569,0.042892456,-0.10357666
1582893238673,-0.2420044,-0.102767944,6.866455E-4
1582893238693,0.97132874,0.046051025,-0.019180298
1582893238714,0.6981354,-0.016174316,0.008056641
1582893238733,-0.68460083,-0.034942627,-0.12257385
1582893238765,0.22270203,-0.03627014,-0.11300659
1582893238769,-0.09907532,0.015792847,-0.17060852
1582893238787,-0.96032715,-0.09246826,-0.19569397
1582893238807,0.5736847,-0.05970764,-0.086761475
1582893238826,1.1162872,0.07551575,-0.0526886
1582893238846,-0.53445435,-0.28851318,0.10845947
1582893238866,-1.8794861,-0.058380127,-0.26707458
1582893238886,0.99664307,-0.10610962,-0.049926758
1582893238910,2.5117493,0.17971802,-0.030044556
1582893238925,-1.6158752,-0.2476654,0.047470093
1582893238970,-2.0051727,-0.29512024,-0.09562683
1582893239000,0.85258484,0.07064819,-0.06941223
1582893239001,1.7281647,-0.022827148,0.118011475
1582893239017,-0.5188751,-0.077194214,0.029067993
1582893239037,-0.3747406,-0.27201843,0.18670654
1582893239055,-0.32688904,-0.012924194,-0.006790161
1582893239077,0.37106323,-0.0050201416,0.034423828
1582893239097,0.151474,-0.02394104,0.06227112
1582893239116,-0.7984009,-0.19029236,0.13967896
1582893239159,0.009094238,-0.03112793,0.015838623
1582893239159,1.1565857,0.0057678223,0.067489624
1582893239171,-0.80877686,-0.04348755,0.0063323975
1582893239189,-1.3084717,-0.13639832,0.023147583
1582893239208,1.1584473,-0.04386902,0.13987732
1582893239228,1.214386,0.057754517,0.13096619
1582893239248,-0.69929504,0.017120361,-0.042022705
1582893239267,-0.8562012,-0.04107666,-0.008087158
1582893239290,0.46400452,-0.017944336,0.073135376
1582893239309,1.0805359,0.11755371,0.029846191
1582893239328,-0.18881226,-0.107681274,0.030975342
1582893239359,-1.6598358,0.042999268,-0.21516418
1582893239366,0.3967743,0.010238647,-0.06665039
1582893239399,0.87739563,0.17611694,-0.12359619
1582893239401,1.2448883,-0.0597229,0.12271118
1582893239440,-1.1732635,0.07524109,-0.20622253
1582893239459,0.6593628,-0.13853455,0.088409424
1582893239478,-0.7312927,0.06686401,-0.19018555
1582893239499,-0.8227844,-0.06452942,-0.15603638
1582893239543,1.2383728,0.06034851,-0.08494568
1582893239544,0.6185608,-0.04498291,0.0053253174
1582893239553,-1.6955719,-0.20672607,-0.0710907
1582893239574,-0.6491089,0.014801025,-0.21185303
1582893239592,0.55970764,0.040740967,-0.17036438
1582893239613,0.743103,-0.01687622,-0.050827026
1582893239633,-0.45133972,-0.09536743,0.01071167
1582893239653,-0.9638672,-0.13409424,-0.033981323
1582893239670,0.79878235,-0.010635376,-0.020355225
1582893239696,1.4508362,0.10348511,-0.03605652
1582893239727,-1.2172089,-0.19685364,-0.020645142
1582893239727,-1.6357727,-0.20751953,-0.13494873
1582893239746,1.0395966,0.017715454,-0.074035645
1582893239765,0.9212189,0.0067443848,-0.038742065
1582893239786,-0.6937866,-0.12080383,-0.046051025
1582893239804,0.41615295,-0.22061157,0.11671448
1582893239824,0.07093811,-0.029251099,0.0029907227
1582893239843,-0.032302856,-0.11299133,0.025375366
1582893239861,0.074645996,-0.00289917,0.02293396
1582893239900,-0.35595703,-0.19340515,0.13426208
1582893239924,0.64486694,-0.102767944,0.17308044
1582893239936,0.24627686,-0.074523926,0.18986511
1582893239956,-1.8556061,-0.21574402,0.10638428
1582893239985,-0.8320465,-0.1592865,0.074035645
1582893239997,2.7443542,0.071258545,0.2293396
1582893240014,0.008865356,-0.06825256,0.17378235
1582893240033,-2.558731,-0.25038147,0.050857544
1582893240053,-0.057891846,-0.06802368,0.116760254
1582893240072,1.3753662,0.058273315,0.17356873
1582893240099,0.86849976,0.012771606,0.15263367
1582893240110,-0.2489624,-0.13591003,0.15905762
1582893240129,-1.0782318,-0.11117554,0.081451416
1582893240149,-0.60176086,-0.053344727,0.026733398
1582893240169,0.933609,0.023925781,0.09480286
1582893240189,1.1981964,0.001373291,0.15963745
1582893240207,-0.9674988,-0.14491272,0.13023376
1582893240226,-1.2462463,-0.12614441,0.02947998
1582893240246,0.8614044,0.05015564,0.089660645
1582893240266,1.1919861,0.054153442,0.13764954
1582893240285,-1.0084381,-0.14073181,0.1298523
1582893240309,0.07824707,-0.10714722,0.22799683
1582893240321,0.6841736,0.057296753,0.2695465
1582893240340,-0.56607056,0.043060303,0.1676178
1582893240379,0.20513916,-0.03918457,0.25579834
1582893240397,0.24485779,4.4250488E-4,0.26481628
1582893240418,-0.33093262,0.03919983,0.2518463
1582893240437,-0.04547119,0.0051727295,0.31869507
1582893240462,0.4890747,0.049987793,0.34991455
1582893240500,0.16703796,0.06539917,0.3415985
1582893240501,-0.8287506,0.060302734,0.2754364
1582893240513,0.06828308,0.08842468,0.31152344
1582893240532,0.24101257,0.15107727,0.31913757
1582893240554,-0.7337494,0.094070435,0.23410034
1582893240570,0.39527893,0.1591034,0.20762634
1582893240593,0.8039093,0.29460144,0.11882019
1582893240609,-0.6333771,0.13879395,0.06893921
1582893240632,-0.93533325,0.115737915,0.009277344
1582893240647,0.5015106,0.24368286,-0.026138306
1582893240668,0.6599121,0.31713867,-0.09744263
1582893240700,0.05479431,0.2265625,-0.13581848
1582893240705,0.20118713,0.17359924,-0.1325531
1582893240724,-0.50868225,0.114990234,-0.19102478
1582893240743,-0.45961,0.23182678,-0.3363495
1582893240777,0.8518219,0.18522644,-0.28041077
1582893240783,-0.61424255,0.13195801,-0.3199463
1582893240799,-1.0023193,0.03692627,-0.27766418
1582893240840,0.20628357,0.20109558,-0.32795715
1582893240885,1.3013306,0.14508057,-0.18812561
1582893240885,1.0744476,0.20698547,-0.27825928
1582893240897,-1.7010803,-0.11437988,-0.2647705
1582893240916,-1.2428741,0.022872925,-0.35047913
1582893240934,0.8302307,0.074905396,-0.22123718
1582893240954,1.0774689,0.18955994,-0.20121765
1582893240975,-0.25480652,-0.0960083,-0.08526611
1582893240999,-1.0399323,-0.067718506,-0.15913391
1582893241011,0.5519409,0.029190063,-0.14263916
1582893241031,1.070404,0.05706787,-0.10443115
1582893241069,-1.3188477,-0.09275818,-0.18637085
1582893241069,-0.8907013,-0.110183716,-0.17279053
1582893241088,1.8955231,0.023468018,0.008636475
1582893241108,1.0314178,0.028381348,0.022857666
1582893241127,-2.1362305,-0.25325012,-0.035583496
1582893241146,-1.5932617,-0.18370056,-0.09320068
1582893241184,1.3092041,0.04008484,-0.022842407
1582893241184,2.3345032,0.10513306,0.015167236
1582893241205,0.17507935,-0.18643188,0.12579346
1582893241223,-2.0451813,-0.23820496,0.007217407
1582893241244,-1.1574249,-0.13061523,-0.0493927
1582893241270,1.4858704,2.89917E-4,0.080215454
1582893241279,2.3947754,-0.044525146,0.2804718
1582893241319,-2.3629303,-0.16822815,0.09893799
1582893241338,-1.7582245,-0.2872162,0.12782288
1582893241358,2.153656,0.08018494,0.30677795
1582893241377,1.253067,0.12445068,0.2559967
1582893241400,-0.6509094,-0.144104,0.29089355
1582893241414,-0.7936859,-0.11077881,0.21516418
1582893241456,0.007965088,-0.105773926,0.27738953
1582893241457,0.6170807,0.12397766,0.21138
1582893241472,0.40299988,-0.01499939,0.32330322
1582893241491,-0.645813,-0.03994751,0.28674316
1582893241511,-0.2888031,0.033493042,0.20358276
1582893241529,0.4715271,0.05821228,0.19758606
1582893241551,0.6342163,0.098968506,0.19021606
1582893241584,-0.48989868,0.009887695,0.15753174
1582893241586,-0.62890625,-0.04248047,0.1328125
1582893241605,0.35514832,0.17675781,0.06222534
1582893241631,0.29585266,0.13200378,0.071640015
1582893241644,-0.44477844,0.014556885,0.07003784
1582893241663,0.57377625,0.09863281,0.049697876
1582893241683,0.1425476,0.122680664,-0.10397339
1582893241703,-0.7395477,0.037857056,-0.15505981
1582893241725,-0.13523865,0.09609985,-0.1867981
1582893241743,0.75502014,0.12088013,-0.06663513
1582893241785,-0.8648071,0.04588318,-0.1356659
1582893241797,-0.197052,-0.012527466,-0.009536743
1582893241831,0.94711304,0.15727234,-0.04449463
1582893241836,0.20388794,0.121292114,-0.05783081
1582893241855,-0.7970581,-0.066085815,-0.042160034
1582893241875,0.03211975,0.019195557,-0.111328125
1582893241895,-0.26922607,3.9672852E-4,-0.14762878
1582893241915,-0.4758911,0.058654785,-0.24507141
1582893241934,0.32003784,0.003036499,-0.073898315
1582893241952,-0.0753479,-0.041641235,0.029251099
1582893241985,0.028839111,0.011047363,-0.044784546
1582893241988,-0.13754272,0.021469116,-0.10546875
1582893242012,-0.44284058,-0.0077056885,-0.08932495
1582893242027,0.7740021,0.0337677,0.032089233
1582893242047,0.97042847,0.0630188,0.08721924
1582893242066,-0.84373474,-0.078704834,0.03288269
1582893242085,-1.120758,-0.023620605,-0.07614136
1582893242104,0.72676086,0.072143555,-0.010665894
1582893242125,1.2337494,0.08666992,0.061584473
1582893242143,-0.16038513,-0.10774231,0.10092163
1582893242166,-1.4151001,-0.12631226,-0.048110962
1582893242180,0.2099762,0.014709473,-0.04576111
1582893242200,0.86434937,0.14511108,-0.11634827
1582893242220,0.19122314,-0.03152466,0.0110321045
1582893242257,-1.1150818,-0.11314392,-0.02734375
1582893242279,1.2275238,-0.046051025,0.05496216
1582893242299,0.7668152,0.023406982,-0.041931152
1582893242317,-1.5778351,-0.10510254,-0.14678955
1582893242338,-1.1159515,-0.10119629,-0.08818054
1582893242355,0.8735504,-0.037200928,0.049560547
1582893242394,1.3420258,-0.008361816,0.089279175
1582893242396,-0.26286316,-0.16334534,0.06626892
1582893242427,-1.6702423,-0.099487305,-0.06550598
1582893242429,-0.0152282715,-0.070388794,0.08538818
1582893242449,0.86505127,-0.03250122,0.14430237
1582893242469,0.4631195,-0.12225342,0.2015686
1582893242490,-0.40264893,-0.067840576,0.10366821
1582893242510,0.25361633,-0.062423706,0.16374207
1582893242529,0.20535278,-0.014312744,0.17012024
1582893242547,-0.13674927,-0.10319519,0.20445251
1582893242574,-1.1786194,-0.08822632,0.08955383
1582893242585,-0.6093292,-0.08772278,0.06939697
1582893242606,1.6113739,0.035858154,0.16619873
1582893242621,1.891037,0.03665161,0.22598267
1582893242641,-1.7449036,-0.18591309,0.18193054
1582893242661,-1.7295685,-0.12776184,0.02670288
1582893242680,-0.06770325,-0.02305603,0.023605347
1582893242720,1.8110046,-0.010467529,0.14715576
1582893242738,0.93621826,0.05378723,0.12011719
1582893242764,-1.6670532,-0.27041626,0.1648407
1582893242795,-0.6610718,-0.08364868,0.09828186
1582893242795,0.981781,0.046432495,0.16505432
1582893242813,0.5648804,-0.042251587,0.2434845
1582893242833,-0.6999054,-0.11412048,0.2581482
1582893242855,-0.5141449,-0.15188599,0.29667664
1582893242874,0.20089722,-0.01826477,0.3194275
1582893242894,0.3262787,0.031188965,0.3474579
1582893242911,-0.10324097,-0.033935547,0.39819336
1582893242932,-0.644104,-0.07698059,0.40348816
1582893242954,0.19548035,-0.0181427,0.40118408
1582893242968,0.5574188,0.039627075,0.345932
1582893243008,0.12287903,0.03993225,0.27520752
1582893243008,-0.54896545,-0.0084991455,0.2270813
1582893243025,0.08718872,-0.008728027,0.25338745
1582893243045,0.21458435,0.0871582,0.19763184
1582893243064,-0.41229248,0.020339966,0.18518066
1582893243084,-0.16374207,-0.0026855469,0.22181702
1582893243103,0.22860718,0.09768677,0.22972107
1582893243123,0.5420227,0.07467651,0.22431946
1582893243143,0.6859741,0.19406128,0.2219696
1582893243191,-0.60795593,0.053115845,0.15634155
1582893243196,-0.55270386,0.08287048,0.18713379
1582893243217,0.14250183,0.038619995,0.3006134
1582893243236,0.09043884,0.13972473,0.3057251
1582893243256,0.12835693,0.15618896,0.2840271
1582893243275,0.19856262,0.15748596,0.27342224
1582893243298,0.27174377,0.17605591,0.28663635
1582893243315,-0.4580078,0.099990845,0.23190308
1582893243338,-0.22021484,0.09257507,0.24360657
1582893243353,-0.7146301,0.14201355,0.107040405
1582893243392,0.011291504,0.17874146,0.09262085
1582893243392,0.8479614,0.27894592,0.0904541
1582893243407,0.12483215,0.18440247,0.11000061
1582893243427,-0.4845276,0.16215515,0.044830322
1582893243447,0.008361816,0.20999146,-0.02722168
1582893243467,-0.1051178,0.21520996,-0.08898926
1582893243485,-0.54130554,0.2007904,-0.14215088
1582893243506,0.08955383,0.20259094,-0.12475586
1582893243529,1.195404,0.22683716,-0.06742859
1582893243544,0.36134338,0.2160492,-0.13975525
1582893243575,-1.1922455,0.14447021,-0.22824097
1582893243584,-0.6504364,0.21401978,-0.23257446
1582893243599,-0.23918152,0.22372437,-0.26968384
1582893243618,1.3717499,0.16893005,-0.12425232
1582893243659,0.84902954,0.2312622,-0.23796082
1582893243680,-1.9559174,0.047821045,-0.3345337
1582893243697,-0.68460083,0.083099365,-0.30796814
1582893243719,0.961853,0.27314758,-0.29151917
1582893243750,1.1168671,0.19758606,-0.22264099
1582893243756,-1.3464508,0.013885498,-0.2894287
1582893243777,-0.7616577,0.0042419434,-0.29989624
1582893243791,0.8261719,0.14480591,-0.27156067
1582893243811,0.33119202,0.13607788,-0.29161072
1582893243831,-0.1895752,0.0041656494,-0.27264404
1582893243850,0.14239502,0.095565796,-0.28112793
1582893243870,-0.3938446,5.187988E-4,-0.2428894
1582893243891,-0.2552948,0.04347229,-0.23306274
1582893243909,0.74116516,0.019012451,-0.1379242
1582893243927,-0.15089417,0.010314941,-0.16926575
1582893243960,-0.6190338,-0.006210327,-0.20225525
1582893243967,0.4816742,0.063446045,-0.1315155
1582893243990,0.4449768,0.009048462,-0.054748535
1582893244002,-0.32788086,-0.029724121,-0.067993164
1582893244021,0.02168274,-0.021347046,-0.09794617
1582893244041,0.15301514,0.044830322,-0.1260376
1582893244061,-0.25578308,-0.049926758,-0.12339783
1582893244080,-0.21876526,0.008453369,-0.13243103
1582893244099,0.039489746,-0.062301636,-0.08856201
1582893244136,0.47612,0.05732727,-0.12834167
1582893244154,0.30503845,-0.038513184,-0.13833618
1582893244174,-0.46905518,-0.08520508,-0.18310547
1582893244196,0.04005432,1.0681152E-4,-0.23641968
1582893244213,0.17315674,-0.011932373,-0.22798157
1582893244232,0.07974243,-0.09086609,-0.18443298
1582893244252,0.19898987,-0.087127686,-0.21260071
1582893244271,0.057647705,-0.087509155,-0.23223877
1582893244296,-0.026977539,-0.058914185,-0.26419067
1582893244311,0.49287415,-0.04774475,-0.20332336
1582893244344,-0.28233337,-0.17274475,-0.117263794
1582893244349,-1.3396759,-0.21821594,-0.11369324
1582893244373,0.19076538,-0.1131134,-0.040161133
1582893244385,1.4267883,0.01020813,0.050231934
1582893244406,-0.030899048,-0.18496704,0.15866089
1582893244425,-1.0620728,-0.21922302,0.13523865
1582893244445,-0.19161987,-0.12135315,0.14012146
1582893244465,0.5276489,-0.009094238,0.19036865
1582893244487,0.33799744,-0.072387695,0.26794434
1582893244528,0.2907257,-0.16082764,0.32414246
1582893244528,0.13470459,-0.075927734,0.24124146
1582893244538,0.2553711,-0.06173706,0.20666504
1582893244566,0.043319702,-0.035232544,0.1430664
1582893244597,-0.22840881,-0.07330322,0.13575745
1582893244616,-0.61039734,-0.19346619,0.13772583
1582893244636,0.11541748,-0.046676636,0.07589722
1582893244656,0.6372528,-0.06486511,0.14692688
1582893244679,-0.17681885,-0.028915405,0.110443115
1582893244694,-0.4076233,-0.12820435,0.20895386
1582893244726,0.1689148,-0.06510925,0.19863892
1582893244734,0.27560425,-0.01991272,0.23669434
1582893244749,-0.72406006,-0.067977905,0.22631836
1582893244777,-0.19734192,-0.061035156,0.23236084
1582893244789,0.5817108,-0.018997192,0.2902069
1582893244808,0.25949097,0.013717651,0.32411194
1582893244828,-0.232193,0.018814087,0.33628845
1582893244847,0.12310791,0.059402466,0.3165741
1582893244867,0.33493042,0.034683228,0.2917633
1582893244886,-0.68959045,-0.010025024,0.14814758
1582893244910,-0.45629883,-0.01789856,0.0710907
1582893244923,0.5876465,0.107284546,0.04034424
1582893244943,0.8045502,0.22079468,-0.079589844
1582893244973,0.6587982,0.0821228,0.014587402
1582893244983,-0.85072327,-0.043670654,-0.05279541
1582893245000,-0.9590759,-0.06466675,-0.017242432
1582893245018,-0.9711609,0.058258057,-0.26156616
1582893245040,1.1721802,0.21842957,-0.18537903
1582893245092,1.1065826,-0.004562378,-0.07331848
1582893245094,0.035873413,0.082595825,-0.07937622
1582893245114,-1.2183685,-0.14302063,-0.10618591
1582893245134,-0.82754517,0.08842468,-0.21600342
1582893245154,0.7176361,0.04295349,-0.059158325
1582893245192,0.7841339,0.105026245,0.011077881
1582893245193,0.45188904,0.01914978,0.14094543
1582893245213,-0.6899872,-0.044418335,0.14668274
1582893245230,-0.15022278,0.02558899,0.15621948
1582893245250,0.95306396,0.099487305,0.20452881
1582893245271,0.72213745,0.1136322,0.22189331
1582893245300,0.044525146,0.0128479,0.28344727
1582893245308,0.13845825,0.10293579,0.22944641
1582893245326,-0.98417664,0.026779175,0.10813904
1582893245346,-0.32914734,0.108688354,0.044525146
1582893245367,1.1408386,0.17764282,0.070892334
1582893245382,0.58740234,0.00920105,0.1349945
1582893245403,0.40299988,0.16589355,0.0053253174
1582893245422,1.1828918,0.12409973,-0.059417725
1582893245447,-0.26454163,-0.11061096,0.020599365
1582893245487,-2.8628693,0.22315979,-0.50553894
1582893245487,-2.5990295,-0.43121338,-0.094177246
1582893245497,0.9350891,0.5651245,-0.6469269
1582893245536,-0.20376587,-0.42697144,0.22927856
1582893245559,-0.7278595,0.09603882,-0.11721802
1582893245597,3.8048096,0.31713867,0.1928711
1582893245597,1.9802246,0.24319458,-0.21511841
1582893245614,-3.5738068,-0.15164185,-0.06211853
1582893245633,-1.4644775,-0.032669067,-0.102890015
1582893245653,0.61476135,0.11175537,0.072891235
1582893245687,1.2356415,0.03276062,0.33139038
1582893245689,0.6153412,0.13606262,0.252182
1582893245709,-2.5179596,-0.10713196,0.10847473
1582893245729,-1.7885895,-0.18211365,0.1476593
1582893245748,1.242157,0.22148132,0.080444336
1582893245780,1.8861542,0.20236206,0.012649536
1582893245785,-1.8254395,-0.032913208,-0.26417542
1582893245805,-2.440033,-0.1235199,-0.4260254
1582893245824,-0.22097778,-0.018005371,-0.42248535
1582893245869,1.61232,0.35510254,-0.50553894
1582893245869,1.3809814,-0.018234253,-0.24874878
1582893245884,0.06929016,0.3403778,-0.63594055
1582893245900,2.596878,0.11987305,-0.46871948
1582893245919,-0.197052,0.19987488,-0.76345825
1582893245939,-2.8571014,-0.2946167,-0.58366394
1582893245958,-1.0365448,0.046829224,-0.7107086
1582893245982,3.0446472,0.23054504,-0.4242096
1582893246018,0.27774048,-0.15437317,-0.28457642
1582893246055,-3.4617004,-0.31689453,-0.269989
1582893246055,2.090973,0.26545715,-0.35157776
1582893246074,4.259262,0.23085022,-0.19845581
1582893246092,-0.029418945,-0.10102844,-0.32765198
1582893246112,-1.6527557,-0.4487152,-0.27650452
1582893246132,-2.5034485,-0.28881836,-0.37062073
1582893246151,-1.9821625,-0.24345398,-0.3335266
1582893246183,1.5817871,-0.035339355,0.08607483
1582893246187,1.762558,-0.07702637,0.3479309
1582893246207,0.68629456,-0.1728363,0.3319702
1582893246225,0.17700195,-0.08918762,0.2322998
1582893246244,-0.64149475,-0.037353516,0.110687256
1582893246264,0.36643982,0.08602905,0.03565979
1582893246285,0.81736755,-0.05718994,0.23612976
1582893246304,-0.47055054,-0.35762024,0.32955933
1582893246322,1.168457,-0.0597229,0.42164612
1582893246341,2.6644287,0.012573242,0.47459412
1582893246364,-3.0473328,-0.36372375,0.44143677
1582893246379,-5.465927,-0.46273804,0.07675171
1582893246400,0.2589569,0.3972931,-0.28486633
1582893246441,4.672287,-0.06614685,0.24809265
1582893246441,-0.37077332,0.06541443,0.17546082
1582893246475,-1.6974487,-0.18029785,-0.30514526
1582893246496,-1.7433624,-0.20428467,-0.022750854
1582893246516,0.42333984,-0.16191101,-0.157547
1582893246536,1.4078217,0.30708313,-0.29821777
1582893246556,1.5733948,0.024002075,-0.37316895
1582893246584,-0.080215454,-0.3348236,0.08520508
1582893246590,-2.1115723,-0.42248535,-0.0137786865
1582893246611,-0.67826843,0.006378174,-0.39361572
1582893246629,0.8908539,-0.0021820068,-0.17001343
1582893246649,0.16809082,-0.087631226,0.055511475
1582893246669,0.5682068,-0.12719727,0.14956665
1582893246688,-0.076171875,-0.28808594,0.24865723
1582893246708,-1.5779877,-0.23397827,0.21902466
1582893246728,0.40264893,-0.17489624,0.4763794
1582893246749,1.8052521,-0.09034729,0.6542206
1582893246766,-1.5490723,-0.21705627,0.5924988
1582893246787,-4.4128723,-0.42718506,0.39079285
1582893246822,-1.1705322,-0.44386292,0.79203796
1582893246823,1.6881409,-0.24595642,1.051651
1582893246841,2.1972198,-0.18649292,1.1440887
1582893246859,2.6689453,0.23464966,0.98023987
1582893246880,1.944931,0.30612183,0.74568176
1582893246899,-4.255661,-0.44288635,0.86680603
1582893246919,-7.1932373,-0.6537628,0.5226135
1582893246957,2.820984,-0.011947632,0.55392456
1582893246990,7.906723,0.8948822,0.3815918
1582893246995,0.21768188,0.10786438,0.23330688
1582893247012,-2.4410706,-0.27819824,0.4082489
1582893247031,0.13156128,0.25907898,0.18135071
1582893247052,-0.75180054,-0.081726074,0.18635559
1582893247071,1.757904,0.2888031,0.15882874
1582893247092,2.9925537,0.35617065,0.25608826
1582893247110,0.017196655,0.008041382,0.41279602
1582893247129,-2.7237854,-0.041931152,0.33618164
1582893247150,-0.3755188,0.0927887,0.41567993
1582893247167,2.7832642,0.29333496,0.6134033
1582893247210,1.2111664,0.08407593,0.8417816
1582893247210,-3.8320923,-0.1328888,0.65101624
1582893247224,-3.0503693,-0.012680054,0.5631714
1582893247244,2.0650177,0.31462097,0.7211914
1582893247261,4.42276,0.3078308,0.88494873
1582893247282,-1.1257477,0.19270325,0.43000793
1582893247302,-3.2505035,-0.16842651,0.29760742
1582893247322,-1.0763245,0.3497467,0.09559631
1582893247343,0.701355,0.10624695,0.32141113
1582893247374,1.4597015,0.54681396,0.071380615
1582893247377,1.4839172,0.014160156,0.1567688
1582893247415,0.058547974,0.2962494,-0.2632904
1582893247435,-2.3299713,0.26989746,-0.7236481
1582893247455,0.11529541,0.2830658,-0.6802826
1582893247473,1.0423126,0.41577148,-0.6362915
1582893247495,0.28297424,0.21524048,-0.4490204
1582893247514,-0.96139526,0.1481781,-0.28941345
1582893247534,-0.7889862,0.09729004,-0.17634583
1582893247556,0.34228516,0.2613678,-0.08721924
1582893247570,1.5333557,0.29977417,0.005859375
1582893247612,-0.15899658,0.20518494,0.08769226
1582893247612,-0.8491211,0.10942078,0.21148682
1582893247628,0.41912842,0.20300293,0.35520935
1582893247648,1.0205688,0.08570862,0.55937195
1582893247665,-1.8772125,0.12962341,0.2964325
1582893247684,-2.3403168,0.058013916,0.19618225
1582893247706,0.5871887,0.13417053,0.4091034
1582893247725,2.272293,-0.1126709,0.7207184
1582893247744,0.07984924,1.0439911,-0.4585724
1582893247777,-0.32339478,-0.21975708,-0.10183716
1582893247783,-1.6763153,0.7553711,-0.57795715
1582893247799,-1.5365753,-0.41047668,-0.0750885
1582893247818,1.5777435,0.44810486,-0.20982361
1582893247838,0.53178406,0.35002136,-0.24732971
1582893247859,0.33641052,0.40367126,-0.54989624
1582893247897,1.7274323,0.65797424,-0.570282
1582893247917,-0.15864563,-0.004852295,-0.3588562
1582893247936,-3.0366058,0.12661743,-0.61431885
1582893247954,-0.45890808,0.27146912,-0.48750305
1582893247991,1.9943237,0.53274536,-0.42964172
1582893247991,2.1702576,0.45666504,-0.33973694
1582893248010,-0.8216095,0.24403381,-0.47943115
1582893248029,-2.3368683,0.16108704,-0.6459961
1582893248050,0.20794678,0.43540955,-0.75393677
1582893248070,2.6763916,0.57473755,-0.8433838
1582893248088,2.2647095,0.37176514,-0.90078735
1582893248107,-2.1361542,0.121032715,-1.2368011
1582893248134,-2.5593567,0.21185303,-1.4236908
1582893248166,0.9995575,0.41848755,-1.4458313
1582893248168,3.004654,0.5401459,-1.5007935
1582893248183,0.6550598,0.1635437,-1.5647125
1582893248201,-1.7766876,0.02217102,-1.6962738
1582893248220,-0.6992035,0.25595093,-1.6851807
1582893248240,1.6122131,0.55807495,-1.7423401
1582893248259,1.8214264,0.6702118,-2.0343933
1582893248279,2.2632751,-0.15148926,-1.3996887
1582893248299,1.0816193,-0.46450806,-1.3424377
1582893248316,-4.5603943,-0.72361755,-1.4318695
1582893248357,-4.2557526,0.040496826,-1.7321472
1582893248374,0.15437317,0.53300476,-1.9989929
1582893248393,4.8484955,0.39102173,-1.4953461
1582893248411,5.226181,-0.19734192,-0.92658997
1582893248431,-2.3813171,-0.9794769,-0.86216736
1582893248450,-4.69989,-0.33421326,-1.2363892
1582893248472,1.3005981,0.16992188,-1.4423676
1582893248491,2.1208801,-0.3106842,-0.3302307
1582893248518,1.2072754,-0.06846619,-0.3877411
1582893248556,-0.36198425,-0.7877197,0.10812378
1582893248557,-1.0378876,-0.42167664,0.0068206787
1582893248567,0.29644775,-0.19030762,-0.0033721924
1582893248589,1.802475,-0.060134888,0.10487366
1582893248604,0.64068604,-0.40223694,0.3725891
1582893248624,-1.2192688,-0.64712524,0.5939789
1582893248645,-0.3917694,-0.42596436,0.6374359
1582893248665,2.2908478,-0.12219238,0.72273254
1582893248685,0.11402893,-0.27879333,0.65496826
1582893248701,-1.7739258,-0.22975159,0.3889923
1582893248730,-1.6750488,-0.49998474,0.42022705
1582893248738,0.91189575,-0.3118744,0.4811554
1582893248756,3.0292053,0.2147522,0.25794983
1582893248776,1.5553894,-0.2492981,0.42266846
1582893248797,-0.8247986,0.16220093,-0.30371094
1582893248836,-2.6982422,-0.37763977,-0.3287964
1582893248853,-2.2534332,0.06271362,-0.93974304
1582893248873,1.7302551,0.26734924,-1.0079651
1582893248891,6.0029755,-0.07975769,-0.5437927
1582893248914,3.8607483,0.06842041,-1.1546936
1582893248929,-2.8286438,-0.18739319,-1.4160614
1582893248949,-2.7754364,-0.45054626,-1.3720245
1582893248985,-0.15531921,-0.13087463,-1.0609741
1582893248986,3.1604767,-0.04057312,-0.7757416
1582893249006,4.431305,-0.09564209,-0.6844635
1582893249026,0.08015442,-0.30090332,-0.81492615
1582893249045,-3.1016388,-0.3879547,-0.8500061
1582893249067,-1.3864594,-0.37205505,-0.7154999
1582893249085,2.3277893,-0.1974945,-0.40170288
1582893249110,3.0085144,-0.2236023,-0.17808533
1582893249121,-0.8204346,-0.37001038,-0.21702576
1582893249140,-0.7120209,-0.57136536,0.059692383
1582893249160,0.6132355,-0.40040588,0.17500305
1582893249179,1.3220673,-0.34526062,0.10620117
1582893249200,-1.416565,-0.5088501,-0.077438354
1582893249218,-2.100708,-0.6571045,-0.09661865
1582893249240,0.44470215,-0.5522003,0.0639801
1582893249257,2.7864075,-0.4551239,0.37580872
1582893249305,0.32533264,-0.48588562,0.43182373
1582893249312,-2.5969849,-0.65385437,0.31704712
1582893249333,-0.97232056,-0.59552,0.4304657
1582893249354,0.9483795,-0.20376587,0.29675293
1582893249385,1.7898865,-0.25086975,0.4763794
1582893249390,-0.120895386,-0.46665955,0.5415344
1582893249408,-0.9170227,-0.27449036,0.42141724
1582893249428,0.23188782,-0.28533936,0.48968506
1582893249448,0.6836548,-0.13920593,0.42614746
1582893249466,0.004562378,-0.36384583,0.51612854
1582893249507,-0.1985321,-0.32803345,0.4426422
1582893249507,0.8361511,-0.23010254,0.3950653
1582893249523,0.5526886,-0.23796082,0.32269287
1582893249544,-0.09989929,-0.31388855,0.24468994
1582893249567,-0.013000488,-0.33363342,0.177948
1582893249581,0.40960693,-0.32611084,0.13668823
1582893249601,-0.08631897,-0.38215637,0.14091492
1582893249626,-0.23716736,-0.42652893,0.19508362
1582893249642,0.2803955,-0.35847473,0.30404663
1582893249658,-0.15107727,-0.36439514,0.39891052
1582893249684,-0.15452576,-0.37660217,0.56477356
1582893249696,-0.36679077,-0.3468933,0.66845703
1582893249715,0.5179596,-0.34901428,0.8651886
1582893249734,-0.19894409,-0.25907898,0.84562683
1582893249774,-0.6826477,-0.25076294,0.91226196
1582893249792,-0.42166138,-0.17944336,0.9995117
1582893249812,0.0059509277,-0.115600586,1.0435791
1582893249831,1.3352356,-0.10757446,1.1812897
1582893249849,-0.4202881,-0.095443726,1.0679626
1582893249869,-1.4815369,-0.1234436,0.8552246
1582893249894,0.36087036,-0.023605347,0.82154846
1582893249907,0.45404053,0.0042877197,0.7701111
1582893249927,-0.081832886,-0.087509155,0.72457886
1582893249945,0.29878235,-0.03829956,0.7215729
1582893249965,0.21141052,0.03427124,0.6974335
1582893249984,0.3213501,0.079437256,0.6192322
1582893250004,-0.027801514,0.04762268,0.6137085
1582893250024,-0.44332886,0.07258606,0.5740509
1582893250046,0.39085388,0.06819153,0.6128082
1582893250081,0.103302,0.092056274,0.5725403
1582893250084,-0.5393524,0.03630066,0.5711212
1582893250099,0.17900085,0.1960907,0.49916077
1582893250119,0.5913849,0.17298889,0.63201904
1582893250139,-1.0273132,0.10437012,0.598053
1582893250177,-2.0003357,0.06967163,0.5278015
1582893250177,1.2420044,0.15603638,0.77841187
1582893250195,1.9141846,0.5028534,0.673584
1582893250216,-1.1714172,0.11180115,0.7227783
1582893250256,-0.17224121,0.32600403,0.47018433
1582893250283,0.9955139,0.40950012,0.52415466
1582893250292,-0.39645386,0.32695007,0.43659973
1582893250311,-0.675827,0.31140137,0.36418152
1582893250329,0.3249359,0.4198761,0.231781
1582893250349,0.5851593,0.44174194,0.16151428
1582893250380,0.5137787,0.44792175,0.076049805
1582893250388,0.6158905,0.44522095,0.014465332
1582893250407,0.36776733,0.46029663,-0.070892334
1582893250425,-0.57884216,0.39260864,-0.13824463
1582893250451,-0.06437683,0.41886902,-0.14654541
1582893250462,0.27381897,0.47787476,-0.22851562
1582893250482,0.5834656,0.4507904,-0.33302307
1582893250501,0.27337646,0.38848877,-0.415802
1582893250520,-0.8639984,0.3465271,-0.551239
1582893250539,-0.49479675,0.2992096,-0.582489
1582893250577,1.2456207,0.31454468,-0.5644531
1582893250579,0.5385132,0.3234253,-0.64990234
1582893250598,-0.8511505,0.08847046,-0.63941956
1582893250617,-1.0200195,0.19180298,-0.69750977
1582893250649,-0.25341797,0.14834595,-0.58135986
1582893250655,1.2818451,0.18107605,-0.45231628
1582893250675,-0.59095764,0.23472595,-0.500824
1582893250714,-0.9367981,-0.22151184,-0.37872314
1582893250734,1.4956055,0.35169983,-0.4503479
1582893250752,1.0488129,-0.030166626,-0.25682068
1582893250782,-1.2984467,0.07778931,-0.30189514
1582893250790,-0.8391876,-0.02558899,-0.12042236
1582893250808,0.15834045,0.07347107,-0.045654297
1582893250852,0.5726776,0.028503418,0.028930664
1582893250853,1.4336853,0.07298279,0.013595581
1582893250867,-0.84788513,0.00881958,-0.12025452
1582893250886,-2.2098083,-0.11508179,-0.16625977
1582893250905,0.6568451,-0.004486084,0.05366516
1582893250927,1.9532928,0.13812256,0.108291626
1582893250946,0.4541626,-0.066345215,0.091796875
1582893250983,-0.85209656,-0.03819275,-0.0907135
1582893250983,0.044815063,-0.0137786865,-0.0014190674
1582893251001,0.6425934,0.014877319,0.088760376
1582893251038,-0.3954773,-0.058776855,0.13574219
1582893251039,-0.061584473,-0.08010864,0.17494202
1582893251058,-0.09126282,0.07331848,0.037734985
1582893251077,0.15594482,-0.04135132,0.103012085
1582893251097,-0.13020325,0.10612488,0.0059814453
1582893251117,-0.15283203,-0.11701965,0.2922516
1582893251140,0.06916809,-0.037017822,0.25595093
1582893251155,0.47608948,0.011001587,0.18521118
1582893251193,0.29351807,0.15968323,-0.023910522
1582893251212,-1.587738,0.01133728,-0.11036682
1582893251239,-0.6508026,-0.22706604,0.058624268
1582893251249,0.88237,0.10354614,-0.088272095
1582893251269,1.349823,0.05026245,-0.041122437
1582893251289,-0.81741333,-0.0071411133,-0.14727783
1582893251308,0.10523987,-0.030059814,-0.05142212
1582893251329,0.87960815,0.08226013,-0.030548096
1582893251348,-0.93310547,-0.11048889,-0.0030517578
1582893251386,-1.3798065,-0.1253357,-0.06668091
1582893251386,0.4293213,0.041549683,-0.06852722
1582893251409,1.0449829,0.052871704,0.035705566
1582893251421,0.20059204,-0.06262207,0.08251953
1582893251440,0.25419617,-0.072143555,0.121673584
1582893251461,-0.3397827,0.003829956,0.0756073
1582893251480,-0.5507202,-0.09321594,0.111465454
1582893251499,-0.1855011,0.029663086,0.06489563
1582893251521,0.4562683,-0.008529663,0.10864258
1582893251539,-0.40888977,0.031463623,0.08921814
1582893251571,-0.2291565,-0.09564209,0.1912384
1582893251581,0.28544617,0.014373779,0.21032715
1582893251595,0.020019531,0.04197693,0.18852234
1582893251628,-0.07398987,0.033798218,0.12483215
1582893251652,-0.49917603,-0.0211792,0.1038208
1582893251672,0.9023895,-0.030563354,0.17436218
1582893251692,-0.5388794,0.08988953,0.040390015
1582893251712,-1.1184082,-0.17797852,0.13543701
1582893251733,0.26031494,0.05543518,0.115493774
1582893251752,0.94366455,0.10412598,0.12062073
1582893251794,0.5640106,0.02748108,0.15255737
1582893251798,-0.7328949,-0.052841187,0.13418579
1582893251806,-0.1383667,0.08798218,0.055770874
1582893251838,0.56632996,0.09805298,0.08769226
1582893251844,0.39152527,0.07223511,0.11604309
1582893251864,-0.11416626,0.023422241,0.123916626
1582893251883,-0.40127563,0.010696411,0.10696411
1582893251903,0.20251465,0.13565063,0.0069885254
1582893251921,0.63420105,0.05505371,0.09869385
1582893251942,-0.8725281,0.076187134,0.008834839
1582893251971,-0.46148682,-0.021560669,0.085235596
1582893251979,1.181961,0.16191101,0.08395386
1582893251997,1.2817688,0.21664429,0.035964966
1582893252016,-0.8587494,-0.1028595,0.10888672
1582893252037,-2.3993073,0.09333801,-0.20664978
1582893252057,0.53349304,-0.026046753,-0.016860962
1582893252076,2.323822,0.3595276,-0.093170166
1582893252096,-1.1708069,-0.117263794,-5.0354004E-4
1582893252136,-0.9862213,-0.15202332,0.019989014
1582893252155,0.2685089,0.18424988,-0.07496643
1582893252173,0.63349915,-0.0016326904,0.020507812
1582893252209,-0.576828,0.101135254,-0.11450195
1582893252210,-0.48835754,-0.09706116,0.037231445
1582893252228,0.47439575,0.07922363,0.04473877
1582893252248,0.55674744,0.08781433,0.06593323
1582893252267,-0.74905396,-0.021453857,0.07614136
1582893252291,-0.6027374,0.004776001,0.06100464
1582893252307,0.5499878,0.056762695,0.09812927
1582893252326,0.060897827,0.09869385,0.040023804
1582893252347,-0.5202484,0.027877808,0.02255249
1582893252406,0.3961792,0.029663086,0.08917236
1582893252406,0.7404022,0.09806824,0.100631714
1582893252406,-0.4287262,0.044448853,-0.008392334
1582893252419,-0.5408325,-0.040115356,0.009048462
1582893252439,-0.5364075,0.13845825,-0.12556458
1582893252459,0.57954407,0.014221191,0.01222229
1582893252478,0.7893219,0.11810303,-9.613037E-4
1582893252496,-0.6798706,-5.0354004E-4,-0.022445679
1582893252517,-0.0040893555,-0.08480835,0.045532227
1582893252535,0.8009796,0.29664612,-0.12826538
1582893252571,0.14933777,-0.08415222,0.05430603
1582893252593,-0.3473053,0.026992798,-0.08427429
1582893252611,-0.38650513,-0.03074646,-0.059799194
1582893252630,-0.5522156,-0.028015137,-0.10096741
1582893252649,-0.34706116,0.07029724,-0.16131592
1582893252671,1.0985718,-0.06211853,0.06329346
1582893252689,0.25146484,0.071899414,-0.059829712
1582893252710,-0.24589539,-0.114608765,0.06628418
1582893252734,0.5001831,0.10229492,-0.006958008
1582893252769,-0.6671448,-0.15412903,0.10699463
1582893252771,-1.2150421,-0.032440186,-0.02861023
1582893252789,0.65190125,0.08389282,-0.011779785
1582893252802,0.6968384,0.077926636,0.04119873
1582893252821,-0.558197,-0.07060242,0.04536438
1582893252841,0.4443512,-0.075286865,0.12080383
1582893252861,-0.1259613,0.01977539,0.067611694
1582893252881,-0.85798645,-0.04623413,0.024124146
1582893252900,0.9768677,0.06011963,0.08598328
1582893252920,0.0124053955,0.058425903,0.0025634766
1582893252939,-1.2544708,-0.12980652,0.004776001
1582893252971,0.044952393,0.060394287,-0.006866455
1582893252975,0.67308044,-0.00982666,0.11886597
1582893252994,0.84773254,0.031143188,0.1303711
1582893253014,-0.6579132,-0.03933716,0.102142334
1582893253034,-1.5659332,-0.036636353,0.017959595
1582893253074,-0.13323975,-0.05545044,0.0036315918
1582893253092,2.64682,0.19468689,0.118774414
1582893253119,-0.13978577,-0.022720337,0.116500854
1582893253157,-2.380844,-0.117370605,0.024368286
1582893253157,-0.35050964,0.066848755,-0.025100708
1582893253168,1.4087219,0.09979248,0.08256531
1582893253189,1.1181946,0.14804077,0.009140015
1582893253205,0.05859375,-0.052947998,0.09176636
1582893253225,-1.0236206,-0.07443237,0.05810547
1582893253246,0.184021,0.0803833,0.036605835
1582893253266,1.7333221,0.10310364,0.12756348
1582893253284,-0.38035583,0.0077667236,0.06022644
1582893253305,-2.0443115,-0.07778931,-0.08189392
1582893253323,-0.5315399,0.021438599,-0.07853699
1582893253358,1.3252258,0.118377686,0.017868042
1582893253363,1.3486328,0.04246521,0.11740112
1582893253397,-1.3332825,-0.0036010742,0.01272583
1582893253398,-0.7875519,-0.12113953,0.11369324
1582893253416,0.73924255,0.15690613,0.08375549
1582893253436,0.87823486,0.13104248,0.09762573
1582893253456,0.11264038,-0.04711914,0.20957947
1582893253477,-1.8957214,0.033340454,0.022628784
1582893253495,-1.7679291,-0.10397339,-0.01159668
1582893253540,1.5807343,0.08294678,0.07266235
1582893253551,2.5621033,0.3881073,0.037582397
1582893253584,-1.2429962,-0.10354614,0.09750366
1582893253588,-1.0080414,-0.047943115,0.10185242
1582893253608,0.12136841,0.11395264,0.03956604
1582893253629,0.62713623,0.15167236,-0.03678894
1582893253650,0.45108032,0.13104248,-0.047943115
1582893253668,-0.5128174,-0.017303467,0.019317627
1582893253686,0.13304138,0.13830566,-0.061660767
1582893253719,0.33384705,0.116989136,-0.08847046
1582893253724,-0.054595947,0.0471344,-0.08718872
1582893253743,-0.29727173,0.10256958,-0.121154785
1582893253761,-0.1399231,0.033706665,-0.039657593
1582893253784,0.5113983,0.104904175,-0.047073364
1582893253800,-0.5462189,-0.011154175,-0.05319214
1582893253819,-0.20726013,0.063583374,-0.10836792
1582893253840,1.3726807,0.15689087,-0.057281494
1582893253860,-0.8080139,-0.004257202,-0.043060303
1582893253878,-1.0233154,-0.079422,-0.014831543
1582893253898,0.09564209,0.08970642,-0.06303406
1582893253929,0.9197235,0.16622925,-0.05960083
1582893253933,-0.19688416,-0.048431396,0.06530762
1582893253957,-1.2478027,0.07369995,-0.08198547
1582893253971,0.73654175,-0.00642395,0.07595825
1582893254012,1.2861938,0.2163086,-0.032073975
1582893254033,-1.5501404,-0.07185364,-0.09921265
1582893254051,-0.40441895,0.0082092285,-0.084198
1582893254070,0.3527527,0.12548828,-0.113204956
1582893254108,0.459198,-0.040374756,-0.01625061
1582893254108,0.67892456,0.13139343,-0.1244812
1582893254125,-0.5601349,-0.06213379,-0.069381714
1582893254145,-0.77908325,0.008544922,-0.17520142
1582893254165,0.33348083,0.08917236,-0.22094727
1582893254184,1.3540344,0.035064697,-0.06851196
1582893254204,-1.0842285,-0.14086914,-0.0723114
1582893254222,-1.8344727,-0.18237305,-0.12414551
1582893254242,0.68592834,0.055221558,-0.120666504
1582893254261,1.9515991,0.20126343,-0.07318115
1582893254281,-0.5474243,-0.13746643,0.035461426
1582893254303,-0.5970459,-0.10374451,0.0874939
1582893254316,1.0710449,0.029922485,0.07839966
1582893254338,-0.08418274,-0.097839355,0.06997681
1582893254357,-1.2094727,0.040252686,-0.20855713
1582893254374,-0.13520813,-0.08325195,-0.036361694
1582893254395,0.11004639,-0.1315155,0.060699463
1582893254413,0.85549927,0.012969971,0.06274414
1582893254432,0.5895233,-0.10975647,0.18229675
1582893254486,-2.420395,-0.034240723,-0.08607483
1582893254491,-0.23052979,-0.20414734,0.15312195
1582893254508,1.0334167,0.11602783,0.032196045
1582893254527,1.5953827,0.12394714,0.06298828
1582893254547,-2.05661,-0.24090576,0.019821167
1582893254566,-1.4137573,-0.1847992,-0.03414917
1582893254587,2.1922302,0.12858582,0.08421326
1582893254607,0.87667847,0.06552124,0.06135559
1582893254625,-1.3800964,-0.14393616,0.062316895
1582893254642,-0.40020752,-0.054351807,0.08506775
1582893254663,0.8412018,0.08319092,0.08883667
1582893254681,1.3588715,0.09838867,0.117752075
1582893254700,-0.66381836,-2.4414062E-4,0.0440979
1582893254719,-1.0987396,-0.045028687,0.064834595
1582893254739,0.09094238,0.10380554,0.013885498
1582893254763,0.90815735,-0.017211914,0.17321777
1582893254777,-0.44244385,0.18162537,-0.083236694
1582893254796,-0.30911255,-0.0099487305,0.056793213
1582893254815,1.0966644,0.16287231,0.015136719
1582893254836,0.4801178,0.0057525635,0.16670227
1582893254855,-2.289154,0.005935669,-0.23519897
1582893254881,-0.6509552,-0.047210693,-0.084625244
1582893254892,1.4633331,0.2585907,-0.103027344
1582893254911,-0.014907837,0.058120728,0.0028381348
1582893254949,0.22592163,-0.013305664,-0.031402588
1582893254969,0.87231445,0.20568848,-0.16204834
1582893254988,-0.94763184,-0.13996887,-0.08383179
1582893255010,-1.1886902,0.08338928,-0.32287598
1582893255028,0.5738983,-0.02519226,-0.10736084
1582893255051,0.4329071,0.068847656,-0.15486145
1582893255065,-0.4824524,-0.09312439,-0.09579468
1582893255084,0.38615417,0.025299072,-0.16317749
1582893255104,0.10340881,-0.009460449,-0.14234924
1582893255122,-0.62179565,-0.14224243,-0.08151245
1582893255141,0.6071625,0.06893921,-0.10253906
1582893255166,1.3166962,0.0690155,-0.03781128
1582893255179,-1.4315338,-0.19528198,-0.08329773
1582893255199,-1.6524963,-0.18527222,-0.154068
1582893255220,1.6548462,0.040756226,-0.014526367
1582893255239,2.2155457,0.08129883,0.042495728
1582893255268,-0.96928406,-0.13771057,0.0184021
1582893255276,-0.80607605,-0.20097351,0.054214478
1582893255294,0.11047363,-0.1280365,0.07199097
1582893255314,0.70584106,0.14537048,-0.090927124
1582893255335,0.46151733,-0.29444885,0.30996704
1582893255363,-1.9139557,0.09359741,-0.08091736
1582893255371,1.1936493,-0.27416992,0.38894653
1582893255411,1.5914917,0.15698242,0.032165527
1582893255453,-1.6447754,-0.2122345,0.12547302
1582893255454,-2.5581512,-0.08616638,-0.22799683
1582893255468,0.9721832,-0.13043213,0.1568451
1582893255487,2.606247,0.16262817,0.18156433
1582893255506,-0.53460693,-0.18977356,0.20603943
1582893255527,-1.8709106,-0.14828491,-0.0065307617
1582893255548,0.87734985,-0.008544922,0.15519714
1582893255581,0.016983032,0.10845947,0.0697937
1582893255585,0.12805176,-0.08963013,0.17549133
1582893255602,-0.1713562,-0.07675171,0.118515015
1582893255621,-1.1356354,-0.064193726,-0.020385742
1582893255640,0.4514618,0.015365601,0.0101623535
1582893255660,1.1946564,0.08166504,0.10475159
1582893255680,-1.1131287,-0.12582397,0.123535156
1582893255701,-1.9481354,-0.20518494,-0.026779175
1582893255718,1.3095856,0.13746643,-0.043411255
1582893255740,2.0732422,0.17869568,-0.017440796
1582893255758,-1.4751892,-0.080963135,-0.010894775
1582893255783,-0.39892578,-0.17280579,0.14241028
1582893255795,1.2964325,0.16622925,0.031051636
1582893255826,0.11860657,0.011169434,-0.0012969971
1582893255833,1.1013031,0.11262512,-0.0058135986
1582893255851,-1.6212921,-0.13113403,0.030548096
1582893255893,-0.4242859,-0.19041443,0.11305237
1582893255911,0.64427185,0.043640137,0.06715393
1582893255930,0.16210938,-0.018371582,0.06942749
1582893255950,-0.16026306,0.023086548,0.05506897
1582893255985,0.32279968,0.061691284,0.116485596
1582893255992,-0.24472046,-0.113845825,0.20036316
1582893256005,0.072006226,0.052474976,0.06947327
1582893256024,-0.56225586,-0.01675415,0.083465576
1582893256044,-1.3625641,-0.10057068,0.15184021
1582893256063,-0.09082031,-0.015548706,0.24662781
1582893256086,1.5236053,0.15881348,0.23303223
1582893256103,0.5283661,0.12110901,0.13647461
1582893256123,-0.8290863,-0.0034637451,0.07525635
1582893256142,-0.026977539,-0.004211426,0.10456848
1582893256161,0.26072693,0.10057068,0.07785034
1582893256187,-1.7903748,-0.08581543,0.0847168
1582893256197,-1.1355743,-0.039123535,0.051742554
1582893256218,1.511261,0.25804138,0.022735596
1582893256235,2.7621613,0.25126648,0.033920288
1582893256254,-1.0584869,0.020736694,0.0440979
1582893256275,-2.036316,-0.113220215,-0.059417725
1582893256293,0.28311157,0.17637634,-0.09475708
1582893256315,2.0554962,0.21401978,0.025039673
1582893256353,-1.423523,0.045059204,-0.10588074
1582893256391,0.11227417,-0.077560425,0.07348633
1582893256396,1.3394928,0.24235535,-0.028686523
1582893256411,0.2889557,-0.06227112,0.12721252
1582893256443,-0.5657501,0.16355896,-0.12260437
1582893256448,-1.0660706,-0.18659973,0.010421753
1582893256465,-0.7322998,0.189682,-0.3270111
1582893256485,1.6036987,0.08251953,-0.05305481
1582893256505,0.34733582,0.12257385,-0.13899231
1582893256526,-1.3175964,-0.1686554,-0.038742065
1582893256547,0.0065460205,0.07640076,-0.10997009
1582893256563,1.0410767,0.08836365,-0.008773804
1582893256595,0.45690918,-0.018569946,0.09210205
1582893256600,-1.108902,-0.0909729,0.047286987
1582893256618,-1.6237335,-0.1603241,0.00819397
1582893256637,-0.14611816,0.04057312,-0.060043335
1582893256658,1.5387573,0.16574097,0.024597168
1582893256676,2.152176,0.08955383,0.17233276
1582893256696,-0.8045807,-0.03326416,0.18762207
1582893256714,-3.3653412,-0.31791687,0.07450867
1582893256734,-0.60653687,0.011199951,-0.06147766
1582893256759,3.2496033,0.26548767,0.11828613
1582893256778,1.1866913,0.11071777,0.1113739
1582893256790,-4.004135,-0.37216187,0.0912323
1582893256829,-0.9249878,-0.0418396,0.07058716
1582893256848,2.4756165,0.13017273,0.13166809
1582893256868,2.2965698,0.28186035,0.03982544
1582893256890,-1.7942352,-0.20758057,0.098739624
1582893256908,-1.0016022,0.02243042,-0.00680542
1582893256929,0.5110626,0.044143677,0.050048828
1582893256950,0.72190857,0.14717102,0.03100586
1582893256966,0.33563232,0.022079468,0.083496094
1582893257012,-0.7884979,-0.09321594,0.09158325
1582893257013,-1.2560883,-0.065475464,-0.0034332275
1582893257020,0.63560486,0.07774353,0.04095459
1582893257041,1.4372406,0.19369507,0.027145386
1582893257059,0.44540405,0.05317688,0.08244324
1582893257080,-0.8723602,-0.022720337,0.074905396
1582893257100,-0.8270569,-0.036132812,0.08055115
1582893257120,1.1157379,0.10783386,0.14677429
1582893257140,0.16871643,0.1184845,0.10119629
1582893257178,-2.1830292,-0.15634155,0.019226074
1582893257178,-0.7944336,0.019866943,0.06643677
1582893257195,1.5321045,0.22306824,0.11555481
1582893257211,1.8528595,0.2649231,0.08641052
1582893257232,-0.05632019,0.026824951,0.08880615
1582893257253,-1.319809,-0.09321594,0.08276367
1582893257292,-1.5366669,0.11997986,-0.10873413
1582893257310,-0.5629425,0.035308838,0.008071899
1582893257334,2.1855164,0.24932861,0.17570496
1582893257349,0.9168091,0.26116943,0.03251648
1582893257390,-1.7358093,-0.17378235,0.058059692
1582893257390,-1.0799103,0.15950012,-0.2324524
1582893257404,0.87161255,0.17991638,-0.14544678
1582893257425,1.4228363,0.11721802,-0.037597656
1582893257444,-1.1327362,0.041122437,-0.09765625
1582893257463,-1.4072266,-0.06488037,-0.11601257
1582893257483,0.23695374,0.15287781,-0.20413208
1582893257503,1.5108032,0.19593811,-0.2003479
1582893257522,0.6155243,0.11039734,-0.21878052
1582893257565,-1.6336975,-0.10575867,-0.23236084
1582893257567,-0.61824036,0.016403198,-0.2064209
1582893257581,1.5240173,0.13861084,-0.06254578
1582893257596,0.39959717,0.04333496,-0.06907654
1582893257616,-1.5169678,-0.1002655,-0.12324524
1582893257636,-0.29656982,0.04486084,-0.1776123
1582893257657,1.3742523,0.18330383,-0.16229248
1582893257677,0.59721375,-0.016326904,-0.10121155
1582893257695,-0.8849182,-0.015090942,-0.20658875
1582893257713,0.5554199,-0.15759277,-0.026016235
1582893257755,0.0953064,0.18955994,-0.14079285
1582893257785,-1.0493317,-0.22468567,0.010223389
1582893257787,0.4609375,-0.0635376,0.06277466
1582893257807,0.54222107,0.21540833,-0.14646912
1582893257827,-0.5062866,-0.20024109,-0.008407593
1582893257846,-0.8825836,0.052383423,-0.217453
1582893257865,0.8056488,-0.1096344,0.0037841797
1582893257885,0.8757477,0.06794739,-0.07194519
1582893257912,-0.24499512,-0.066604614,-0.038482666
1582893257924,-0.443573,-0.025909424,-0.04725647
1582893257949,-0.14025879,-0.02154541,0.0037994385
1582893257980,0.3177185,-0.04650879,0.06752014
1582893257980,0.52690125,-0.007522583,0.02671814
1582893258000,-0.252594,-0.019500732,-0.047027588
1582893258018,-1.5153961,-0.09561157,-0.15505981
1582893258039,-0.3454132,-0.14537048,-0.044677734
1582893258060,2.0421753,0.1870575,0.028244019
1582893258078,1.3089142,-0.03981018,0.15254211
1582893258105,-2.3699646,-0.11633301,-0.0987854
1582893258130,-0.98968506,-0.19200134,-0.043014526
1582893258133,0.97631836,0.13395691,-0.12374878
1582893258155,1.6201019,0.16210938,-0.009567261
1582893258171,-0.12850952,-0.12747192,0.037612915
1582893258192,0.8025818,0.007537842,0.023162842
1582893258230,-0.73239136,0.036727905,-0.20536804
1582893258249,-1.1407623,-0.08728027,-0.17352295
1582893258268,0.11010742,-0.10197449,-0.052246094
1582893258291,1.4724426,0.08880615,0.072647095
1582893258308,-0.040618896,-0.07980347,0.0688324
1582893258340,-1.1690216,-0.052764893,-0.024032593
1582893258344,0.15715027,0.024261475,0.006668091
1582893258371,0.6294403,0.033813477,0.088012695
1582893258382,-0.4277649,-0.09855652,0.0970459
1582893258401,-0.8397522,-0.11029053,0.041503906
1582893258420,0.13117981,0.04219055,-0.018585205
1582893258439,1.0903168,0.06745911,0.06803894
1582893258461,0.15985107,0.0124053955,0.09625244
1582893258478,-1.4155731,-0.13327026,0.06742859
1582893258502,-0.5894623,-0.062026978,0.027328491
1582893258515,1.1898041,0.17112732,-0.00440979
1582893258535,0.60183716,0.07594299,-0.019699097
1582893258566,-0.8544922,-0.10243225,0.0036468506
1582893258576,-0.8496704,-0.032836914,-0.037094116
1582893258594,0.77082825,0.09249878,0.017196655
1582893258613,0.82429504,0.08126831,0.017059326
1582893258633,-0.951355,-0.030822754,-0.035751343
1582893258652,-0.7032471,-0.020568848,-0.04020691
1582893258672,0.3388214,0.057540894,-0.023208618
1582893258725,0.87750244,0.16603088,-0.07286072
1582893258728,1.2168732,0.052337646,-0.013183594
1582893258747,-0.6902771,0.05606079,-0.14624023
1582893258770,-0.88690186,-0.07044983,-0.057235718
1582893258785,0.175354,0.079071045,-0.070892334
1582893258806,1.0427246,0.0476532,0.013824463
1582893258824,-0.41278076,0.070617676,-0.10374451
1582893258843,-1.0211334,-0.021530151,-0.082336426
1582893258863,0.54315186,0.055496216,-0.025878906
1582893258881,1.0214691,0.11689758,-0.024856567
1582893258906,-0.8069153,0.013748169,-0.11300659
1582893258919,-0.87857056,-0.01914978,-0.08508301
1582893258938,1.1345367,0.12576294,0.008636475
1582893258970,1.2194214,0.072769165,0.05458069
1582893258979,-1.3265839,-0.0059051514,-0.12852478
1582893258996,-0.8825073,0.021331787,-0.16242981
1582893259016,0.51452637,0.16802979,-0.10649109
1582893259036,0.37190247,0.017974854,0.0044403076
1582893259055,-0.31089783,0.05480957,-0.096191406
1582893259094,-0.1933136,0.0345459,-0.1318512
1582893259094,0.39920044,0.1232605,-0.12701416
1582893259112,-0.52308655,0.082214355,-0.20300293
1582893259130,0.31539917,0.04437256,-0.14588928
1582893259171,0.5657959,0.16511536,-0.25810242
1582893259190,-0.23121643,0.007980347,-0.29193115
1582893259209,-0.09114075,-0.004501343,-0.35003662
1582893259227,-0.025115967,0.037002563,-0.4043274
1582893259248,-0.015853882,-0.06410217,-0.3714447
1582893259267,0.19348145,0.048568726,-0.3976593
1582893259299,-0.21905518,-0.06855774,-0.34365845
1582893259305,-0.4116211,-0.04612732,-0.37031555
1582893259323,0.8986206,0.059326172,-0.3179016
1582893259341,0.2824707,0.07962036,-0.31062317
1582893259364,-0.18807983,-0.10614014,-0.15007019
1582893259380,0.17272949,-0.048339844,-0.12088013
1582893259400,-0.01914978,-0.0012359619,-0.18499756
1582893259420,-0.1402893,-0.0016937256,-0.19641113
1582893259440,-0.30747986,-0.07368469,-0.108169556
1582893259488,0.41374207,-0.021072388,-0.05479431
1582893259489,0.110443115,0.019836426,-0.09214783
1582893259496,-0.8535614,-0.038635254,-0.13140869
1582893259515,-0.044387817,-0.020706177,-0.0854187
1582893259533,1.0042877,0.11231995,-0.03543091
1582893259552,-0.18458557,-0.10739136,0.058288574
1582893259571,-0.4669342,0.09140015,-0.11694336
1582893259591,0.051696777,0.06492615,-0.20518494
1582893259610,-0.4611969,-0.0317688,-0.1608429
1582893259650,-0.0044403076,-0.061294556,-0.19309998
1582893259688,0.26063538,-0.020843506,-0.21096802
1582893259689,-1.149643,-0.054840088,-0.36026
1582893259705,-0.13049316,0.029251099,-0.34887695
1582893259724,1.0455322,0.060134888,-0.29188538
1582893259743,0.3045044,-0.005004883,-0.38865662
1582893259777,-1.4030914,-0.11520386,-0.45610046
1582893259786,-0.7623596,-0.014419556,-0.50904846
1582893259803,0.98783875,0.036987305,-0.34721375
1582893259821,1.1820526,0.06964111,-0.31158447
1582893259867,-0.15785217,-0.04093933,-0.34268188
1582893259867,-0.56895447,0.039093018,-0.47761536
1582893259879,0.78855896,0.013580322,-0.43473816
1582893259898,0.6408081,0.024627686,-0.397583
1582893259917,-0.33006287,-0.121017456,-0.38513184
1582893259936,-0.096206665,-0.03779602,-0.46195984
1582893259955,0.6364746,0.029647827,-0.43971252
1582893259977,0.09056091,-0.19882202,-0.22207642
1582893259994,-0.72506714,-0.03036499,-0.3315277
1582893260014,1.1794891,-0.049118042,-0.16389465
1582893260047,0.36190796,0.011672974,-0.13970947
1582893260053,-1.3618469,-0.14930725,-0.23571777
1582893260069,-0.49502563,-0.06338501,-0.30944824
1582893260109,1.5457001,0.023651123,-0.25411987
1582893260128,0.85498047,0.04109192,-0.25846863
1582893260149,-0.13493347,-0.1486206,-0.17828369
1582893260181,-0.38861084,-0.071243286,-0.16366577
1582893260184,-0.74243164,-0.06808472,-0.25846863
1582893260204,0.5883179,0.071014404,-0.32913208
1582893260225,0.7357025,0.012557983,-0.2885437
1582893260251,-0.67115784,-0.17399597,-0.19363403
1582893260262,-0.38967896,-0.093688965,-0.22285461
1582893260282,1.0790253,0.16041565,-0.32499695
1582893260300,0.15461731,-0.017959595,-0.2902832
1582893260320,-0.60780334,-0.13166809,-0.29032898
1582893260341,0.7114868,0.04989624,-0.4198761
1582893260360,0.06317139,-0.040145874,-0.45004272
1582893260384,-0.96391296,-0.12583923,-0.5105591
1582893260396,-0.055267334,-0.03692627,-0.5432129
1582893260426,0.6223297,0.12901306,-0.61779785
1582893260433,-0.30796814,-0.1658783,-0.4560089
1582893260454,-0.27009583,-0.11868286,-0.46369934
1582893260474,1.1669006,-0.064697266,-0.4031372
1582893260493,0.66885376,-0.056655884,-0.5140381
1582893260513,-1.0893097,0.02633667,-0.73861694
1582893260534,1.1216583,-0.19358826,-0.5429535
1582893260566,-0.2734375,0.026855469,-0.6767731
1582893260588,-0.14936829,-0.3620453,-0.4609375
1582893260608,0.6941223,0.017471313,-0.5747986
1582893260639,-0.117889404,-0.15682983,-0.5669861
1582893260645,-1.1811523,-0.26402283,-0.5337219
1582893260664,0.34503174,-0.17350769,-0.43788147
1582893260684,0.45809937,-0.10839844,-0.48542786
1582893260703,0.4393158,-0.21885681,-0.43139648
1582893260722,0.1807251,-0.27497864,-0.36883545
1582893260743,0.358963,-0.15013123,-0.36715698
1582893260761,-0.43310547,-0.19346619,-0.34980774
1582893260785,0.23797607,-0.15628052,-0.3284912
1582893260808,0.3486023,-0.14439392,-0.27278137
1582893260816,0.060684204,-0.19854736,-0.2978058
1582893260835,0.08383179,-0.17228699,-0.3548584
1582893260856,0.18403625,-0.27444458,-0.31002808
1582893260875,0.45367432,-0.06770325,-0.3545227
1582893260895,-0.10192871,-0.32499695,-0.18005371
1582893260914,-0.37199402,-0.152771,-0.24700928
1582893260933,0.5634613,-0.26693726,-0.20048523
1582893260965,0.9133911,-0.1478424,-0.1862793
1582893260970,0.017074585,-0.19818115,-0.30592346
1582893260989,-0.3722992,-0.24349976,-0.33650208
1582893261008,0.024536133,-0.31500244,-0.2842865
1582893261047,0.10217285,-0.2258606,-0.42663574
1582893261065,0.7388458,-0.25746155,-0.3694458
1582893261084,0.25186157,-0.24960327,-0.3817749
1582893261104,0.5674286,-0.24353027,-0.2805481
1582893261123,0.5684509,-0.33529663,-0.14463806
1582893261143,-1.1258087,-0.28625488,-0.29507446
1582893261162,0.3972473,-0.3779297,-0.2566986
1582893261196,0.59999084,-0.21081543,-0.30387878
1582893261200,0.22305298,-0.38700867,-0.19317627
1582893261219,-0.4527893,-0.34005737,-0.20188904
1582893261240,0.008377075,-0.33332825,-0.17965698
1582893261259,0.81987,-0.32870483,-0.0053863525
1582893261278,0.32925415,-0.36380005,0.097854614
1582893261299,-0.7522125,-0.37219238,0.11404419
1582893261319,-0.20976257,-0.4378662,0.15582275
1582893261339,0.91944885,-0.16163635,0.119384766
1582893261370,-0.45010376,-0.35708618,0.20137024
1582893261378,-0.85417175,-0.28219604,0.17745972
1582893261403,1.0284882,-0.37913513,0.29716492
1582893261411,1.2092743,0.01133728,0.019332886
1582893261430,-1.0480804,-0.6742401,0.41072083
1582893261450,-3.7539368,-0.25764465,-0.24720764
1582893261468,0.8719177,-0.4346466,0.060760498
1582893261489,2.2411652,0.2624817,-0.2301178
1582893261527,0.46757507,-0.66033936,0.29077148
1582893261546,-1.9767609,-0.1541748,-0.29031372
1582893261568,0.6875763,-0.55744934,0.34931946
1582893261583,0.5298767,0.03340149,-0.06639099
1582893261603,0.35621643,-0.44851685,0.24084473
1582893261623,0.07507324,-0.23292542,0.015258789
1582893261642,-1.9448853,-0.32907104,-0.07807922
1582893261663,0.5131836,-0.30081177,0.13172913
1582893261683,1.8027802,-0.08253479,0.2511139
1582893261702,-0.18685913,-0.3835144,0.3938446
1582893261722,-1.9416504,-0.33840942,0.22923279
1582893261741,0.64741516,-0.10874939,0.23760986
1582893261779,3.0157928,-0.0796051,0.46466064
1582893261779,-0.9401245,-0.13568115,0.28651428
1582893261795,-2.6157684,-0.37184143,0.17636108
1582893261815,0.17965698,-0.2967682,0.2709198
1582893261836,3.9209595,0.2237854,0.40594482
1582893261854,-0.2747345,-0.057159424,0.31956482
1582893261874,-3.2175903,-0.520813,0.32850647
1582893261894,0.042999268,-0.17254639,0.24125671
1582893261913,3.2332306,0.15437317,0.3171234
1582893261931,0.20903015,-0.101867676,0.30107117
1582893261951,-1.9036102,-0.22827148,0.3284607
1582893261988,-1.1530914,-0.27085876,0.3887787
1582893262006,0.59739685,-0.06587219,0.34742737
1582893262027,1.5559998,0.107437134,0.35195923
1582893262045,-0.98791504,-0.11331177,0.3511505
1582893262066,-1.6203613,-0.24261475,0.41511536
1582893262085,1.0214844,0.10694885,0.4063568
1582893262103,1.2586365,0.19477844,0.35816956
1582893262130,-1.2836609,0.023086548,0.28700256
1582893262166,-0.23400879,-0.06455994,0.40945435
1582893262168,1.114685,0.19181824,0.36479187
1582893262180,0.25157166,0.10984802,0.322052
1582893262197,-0.22737122,0.16732788,0.23431396
1582893262217,-0.18135071,0.1408081,0.23417664
1582893262237,0.0021820068,0.11027527,0.26496887
1582893262257,0.3655243,0.15527344,0.22250366
1582893262277,-0.1647644,0.20677185,0.10647583
1582893262296,-0.022537231,0.20605469,0.079208374
1582893262315,0.091552734,0.17536926,0.065963745
1582893262334,0.29060364,0.1709137,0.040512085
1582893262374,0.3121643,0.15473938,0.024917603
1582893262374,-0.53619385,0.18040466,-0.089035034
1582893262390,-0.92445374,0.051712036,-0.088516235
1582893262409,0.35931396,0.1955719,-0.122558594
1582893262428,0.32922363,0.19979858,-0.0869751
1582893262469,-0.18170166,0.11404419,-0.1357727
1582893262487,0.5719147,0.11659241,-0.086013794
1582893262508,-0.20770264,0.19891357,-0.22640991
1582893262549,-0.36495972,0.116607666,-0.16957092
1582893262550,0.22410583,0.15478516,-0.14918518
1582893262570,0.44470215,0.088897705,-0.12658691
1582893262581,-0.3934021,0.106536865,-0.23976135
1582893262600,0.0206604,0.19456482,-0.3264618
1582893262620,0.17518616,0.09059143,-0.25
1582893262640,-0.28712463,0.059173584,-0.24427795
1582893262661,0.3015747,0.044952393,-0.22895813
1582893262680,0.4898529,0.14144897,-0.34591675
1582893262698,0.21308899,0.015396118,-0.3321991
1582893262725,-0.40693665,0.06921387,-0.38250732
1582893262734,0.19172668,-0.05152893,-0.22502136
1582893262754,0.36323547,0.024246216,-0.2358551
1582893262772,0.26722717,-0.020629883,-0.23350525
1582893262793,-0.44458008,-0.09005737,-0.26664734
1582893262812,0.19422913,-0.02949524,-0.22387695
1582893262832,0.3187256,-0.08113098,-0.11727905
1582893262852,-0.6748352,-0.12806702,-0.15242004
1582893262870,-0.11013794,-0.059509277,-0.07891846
1582893262889,1.1755981,-0.013458252,0.05656433
1582893262934,-0.076171875,-0.06678772,0.10101318
1582893262945,-0.57403564,-0.18148804,0.15544128
1582893262968,-0.5662689,0.045715332,0.027893066
1582893262983,0.5387726,-0.08203125,0.19033813
1582893263002,0.58457947,0.04386902,0.12760925
1582893263022,-0.39837646,-0.19093323,0.22270203
1582893263042,-0.7002716,0.031661987,0.049987793
1582893263060,0.8772278,-0.043685913,0.17765808
1582893263086,0.1869049,0.06661987,0.06452942
1582893263119,-0.7891083,-0.13890076,0.092559814
1582893263120,0.22583008,0.05607605,0.013870239
1582893263138,0.6745148,0.049545288,0.019119263
1582893263164,0.20037842,-0.014297485,0.020614624
1582893263175,-0.21961975,-0.03439331,-0.0113220215
1582893263195,-0.9014435,-0.09234619,-0.08604431
1582893263215,0.3698883,-0.026901245,-0.05104065
1582893263237,0.5893402,0.13310242,-0.16268921
1582893263253,-0.12971497,-0.19987488,-0.010192871
1582893263274,-0.8173981,0.07823181,-0.20840454
1582893263293,0.664093,-0.18330383,0.03892517
1582893263325,0.38215637,0.16694641,-0.10281372
1582893263333,0.2501526,-0.22525024,0.098526
1582893263355,-0.8215332,-0.03149414,-0.06663513
1582893263366,-0.073028564,-0.08354187,-0.018859863
1582893263406,1.0881653,-0.018981934,0.014373779
1582893263427,-0.052261353,-0.026473999,-0.0110321045
1582893263447,-2.0864105,-0.29197693,0.06300354
1582893263466,0.72854614,-0.01638794,0.107406616
1582893263505,1.4367828,0.115356445,0.051315308
1582893263505,0.056396484,-0.11717224,0.095962524
1582893263521,-0.70022583,-0.06373596,0.04298401
1582893263540,0.530777,-0.07714844,0.20489502
1582893263569,0.9941864,-0.052108765,0.16923523
1582893263579,0.16819763,-0.10662842,0.122680664
1582893263598,-3.598526,-0.2250061,-0.1496582
1582893263618,-1.330246,-0.16143799,-0.12837219
1582893263638,2.151184,0.1394043,0.13755798
1582893263657,1.8495178,-0.022750854,0.31982422
1582893263677,-0.19795227,-0.06718445,0.18244934
1582893263712,-1.0342102,-0.17588806,0.16679382
1582893263714,-0.7127533,0.012435913,0.048675537
1582893263732,1.1684265,0.031845093,0.23875427
1582893263766,0.95573425,0.065200806,0.15538025
1582893263770,-1.6066742,-0.27064514,0.20558167
1582893263789,-1.3398895,-0.06455994,-0.06518555
1582893263810,1.0652466,0.04534912,0.17327881
1582893263829,1.2175751,0.05014038,0.22161865
1582893263867,-0.08807373,-0.051620483,0.27098083
1582893263890,-1.0431976,-0.2710266,0.28001404
1582893263905,-0.010696411,0.17390442,0.066833496
1582893263923,0.80326843,0.01739502,0.21734619
1582893263943,-1.6294556,-0.0052948,0.08000183
1582893263969,0.55758667,-0.13609314,0.329422
1582893263984,0.9244232,0.15444946,0.16648865
1582893264002,-0.11279297,-0.006668091,0.15403748
1582893264020,-0.23262024,0.0738678,0.07611084
1582893264045,0.14073181,0.0773468,0.123672485
1582893264075,0.5015259,0.025726318,0.14964294
1582893264085,0.95529175,0.06715393,0.1627655
1582893264097,-1.6369934,-0.04748535,0.021408081
1582893264114,-1.6534729,-0.13323975,0.07676697
1582893264134,1.2647247,0.14677429,0.15649414
1582893264155,1.8641815,0.13220215,0.22636414
1582893264171,-0.24012756,0.049926758,0.109298706
1582893264191,-0.40960693,-0.033676147,0.084747314
1582893264210,-0.5465698,0.07058716,0.025360107
1582893264229,-0.35287476,0.027069092,0.08317566
1582893264249,0.32844543,0.030136108,0.12301636
1582893264268,0.038879395,0.051254272,0.084106445
1582893264289,0.5021515,0.07337952,0.10090637
1582893264308,-0.80874634,0.018356323,0.026031494
1582893264348,0.20503235,0.1351471,-0.032043457
1582893264370,-0.47747803,0.04537964,0.018203735
1582893264395,-0.58177185,0.022872925,0.10827637
1582893264403,0.49093628,-0.0045166016,0.1645813
1582893264422,0.7088165,0.17443848,0.109054565
1582893264464,0.20974731,-0.025024414,0.20524597
1582893264465,-1.5982208,0.059188843,0.07009888
1582893264481,0.6424103,0.13067627,0.19828796
1582893264498,1.1966858,0.2137909,0.20646667
1582893264519,-0.49987793,0.03036499,0.1905365
1582893264540,-1.2072906,0.04374695,0.041503906
1582893264580,0.18058777,0.15104675,0.052337646
1582893264580,0.7384033,0.25961304,0.041030884
1582893264594,0.4108429,0.044647217,0.1699524
1582893264621,0.0035095215,0.18823242,0.03694153
1582893264635,0.4888916,0.08502197,0.02670288
1582893264666,0.36302185,0.28305054,-0.14407349
1582893264672,0.13583374,-8.087158E-4,0.07926941
1582893264690,-1.6205444,0.052139282,-0.048217773
1582893264710,-0.89598083,-0.018951416,0.04421997
1582893264730,1.9215851,0.36325073,-0.073776245
1582893264759,0.09928894,0.19851685,-0.13006592
1582893264768,-0.18435669,-0.10246277,-5.645752E-4
1582893264806,-0.70033264,0.22042847,-0.30162048
1582893264845,0.7680664,0.027374268,-0.11808777
1582893264846,-0.43302917,0.15414429,-0.28334045
1582893264863,-0.7971039,0.005722046,-0.20324707
1582893264881,0.7718048,-0.030349731,-0.07939148
1582893264902,0.123535156,0.063949585,-0.17219543
1582893264923,-1.5406036,-0.0021972656,-0.27198792
1582893264941,-1.1693115,-0.13845825,-0.11845398
1582893264979,1.3209839,0.09681702,-0.029586792
1582893264979,2.2956696,0.12263489,0.054992676
1582893264997,-1.3380127,-0.124557495,-0.04824829
1582893265017,-3.0383759,-0.20126343,-0.10475159
1582893265034,-0.3643036,-0.055664062,0.012466431
1582893265055,2.402008,0.20584106,0.07737732
1582893265073,0.93692017,0.046722412,0.11166382
1582893265094,-0.95666504,-0.08078003,0.0718689
1582893265112,0.10310364,0.14021301,0.15287781
1582893265132,-0.447937,0.008666992,0.19592285
1582893265151,0.71125793,0.019744873,0.21833801
1582893265169,1.2433167,0.12454224,0.13293457
1582893265189,-2.6411133,-0.12307739,-0.029327393
1582893265235,-0.2705841,-0.067977905,0.12463379
1582893265236,1.691391,0.27192688,0.14309692
1582893265246,1.1321869,-0.024536133,0.32852173
1582893265286,-1.6981354,0.11628723,-0.11668396
1582893265307,1.2492828,-0.03062439,0.20339966
1582893265326,-0.27038574,0.31758118,-0.12588501
1582893265345,-0.50424194,-0.14717102,0.10519409
1582893265381,-0.2338562,0.07196045,-0.06526184
1582893265383,0.45671082,-0.025146484,0.0753479
1582893265405,0.30374146,0.19314575,-0.053359985
1582893265418,-0.1318512,-0.0084991455,-0.01838684
1582893265437,0.54693604,0.1842041,-0.1302185
1582893265458,0.32466125,0.041488647,-0.059799194
1582893265479,0.103530884,-0.017471313,-0.017364502
1582893265496,-1.4435272,-0.051345825,-0.08666992
1582893265516,-0.4129486,9.918213E-4,-0.058273315
1582893265535,1.4913483,0.05406189,0.11225891
1582893265553,-1.6756439,0.029037476,-0.07858276
1582893265573,-2.019699,-0.11727905,-0.06869507
1582893265592,1.1531525,0.18136597,0.030731201
1582893265610,2.3334503,0.19332886,0.123794556
1582893265629,1.2117462,0.22044373,-0.04977417
1582893265649,-2.2754974,-0.028198242,-0.15357971
1582893265669,-1.4343109,-0.1025238,-0.0398407
1582893265689,1.2483215,0.19334412,0.009628296
1582893265710,1.2621918,0.08818054,0.034179688
1582893265748,-1.5399933,-0.1894989,-0.019119263
1582893265785,-1.8467712,0.045532227,-0.28511047
1582893265789,2.219513,0.0069274902,0.035873413
1582893265821,0.8696289,0.2735901,-0.1572876
1582893265821,-1.6467743,-0.16412354,-0.0940094
1582893265841,0.37646484,-0.03956604,-0.131073
1582893265860,0.79844666,0.16976929,-0.2427826
1582893265880,-0.83283997,-0.06803894,-0.16139221
1582893265899,-0.72787476,-0.13163757,-0.08947754
1582893265918,0.7244415,1.2207031E-4,-0.045928955
1582893265940,0.59269714,0.12928772,-0.12902832
1582893265966,0.14297485,-0.045394897,-0.09408569
1582893265975,0.38331604,0.0116119385,-0.14613342
1582893266002,0.40750122,-0.0705719,-0.06703186
1582893266013,-0.19389343,-0.13771057,-0.03593445
1582893266034,-0.9078522,-0.05015564,-0.16056824
1582893266052,-0.8905029,-0.1822815,-0.08917236
1582893266072,0.20075989,-0.08224487,-0.016189575
1582893266091,1.6468811,-0.009719849,0.07522583
1582893266112,0.6606598,-0.01020813,0.095077515
1582893266131,-1.0104523,-0.074035645,-0.048706055
1582893266171,1.2005463,-0.092559814,0.11721802
1582893266175,-0.17079163,-0.09114075,0.0884552
1582893266207,-1.4047699,-0.12120056,-0.07562256
1582893266224,0.50120544,-0.11355591,0.06274414
1582893266244,1.3312683,-0.03791809,0.14202881
1582893266267,-0.44856262,-0.11576843,0.034957886
1582893266285,-0.8190918,-0.24153137,0.08163452
1582893266304,-0.5471802,-0.059555054,0.016235352
1582893266321,1.1214294,-0.13716125,0.24189758
1582893266343,1.0295868,0.026473999,0.17059326
1582893266376,-1.0659637,-0.21020508,0.21699524
1582893266379,-0.14007568,-0.07701111,0.23788452
1582893266396,-0.8591461,-0.09169006,0.2948761
1582893266415,-0.8346863,-0.12687683,0.34770203
1582893266436,0.75683594,0.017684937,0.33927917
1582893266457,1.1183472,0.0069274902,0.33503723
1582893266477,-0.3113556,0.010070801,0.2268219
1582893266495,-1.756958,-0.07670593,0.18659973
1582893266514,-1.1426086,-0.10984802,0.33546448
1582893266533,1.443924,0.1385498,0.41078186
1582893266592,2.5047607,0.23001099,0.35783386
1582893266592,-1.4700928,-0.05557251,0.23838806
1582893266592,-3.5046082,-0.10800171,0.1124115
1582893266608,0.16859436,0.081726074,0.16505432
1582893266627,3.090149,0.30267334,0.43830872
1582893266646,-1.8890991,0.19134521,0.03793335
1582893266687,-0.13931274,-0.1592102,0.27514648
1582893266707,1.6181488,0.46342468,0.1388092
1582893266730,0.7599335,0.21824646,0.110061646
1582893266763,-0.68063354,0.18722534,-0.04800415
1582893266769,-0.09011841,0.117767334,0.020980835
1582893266781,-8.544922E-4,0.22154236,-0.041732788
1582893266799,-0.09246826,0.13287354,-0.037841797
1582893266818,-1.0342255,0.061904907,-0.037017822
1582893266838,-0.167099,0.23724365,-0.09375
1582893266858,1.2676392,0.28201294,-0.054275513
1582893266879,1.4687653,0.20895386,-0.0975647
1582893266897,-0.38804626,0.15040588,-0.23002625
1582893266916,-1.88031,0.037384033,-0.29666138
1582893266937,0.5020294,0.21954346,-0.20649719
1582893266973,1.4223022,0.32609558,-0.124679565
1582893266973,-1.0026245,0.05860901,-0.08421326
1582893266991,-1.5691376,-0.062164307,-0.09738159
1582893267010,1.8480377,0.33488464,-0.23590088
1582893267030,0.86746216,0.34220886,-0.30293274
1582893267050,-0.34423828,-0.14079285,-0.12239075
1582893267069,-1.0160675,0.33900452,-0.4954071
1582893267087,0.8045044,-0.18559265,-0.100128174
1582893267113,-0.18614197,0.37812805,-0.39141846
1582893267145,-0.36653137,-0.4209442,0.037582397
1582893267163,-1.8175201,0.21812439,-0.512619
1582893267184,0.47076416,-0.05319214,-0.2706604
1582893267202,0.64027405,0.15901184,-0.24575806
1582893267221,1.2292023,0.029434204,-0.1659851
1582893267241,-0.90927124,-0.040298462,-0.20195007
1582893267260,-0.34683228,-0.12797546,-0.19973755
1582893267280,1.2701721,0.1328125,-0.2122345
1582893267300,-0.87345886,-0.1292572,-0.25572205
1582893267319,-2.274765,-0.20301819,-0.3100891
1582893267347,0.70336914,-0.09169006,-0.10517883
1582893267355,2.0310516,0.1534729,-0.13548279
1582893267374,0.5197754,-0.114349365,-0.037338257
1582893267395,-1.1998901,-0.15374756,-0.11090088
1582893267414,-0.10470581,-0.10928345,-0.05340576
1582893267433,1.4676971,0.20661926,-0.089904785
1582893267452,0.0977478,-0.119125366,0.06222534
1582893267473,-1.9503479,-0.24751282,-0.004257202
1582893267491,-0.047927856,-0.13085938,9.613037E-4
1582893267538,2.267929,0.18041992,-0.03765869
1582893267538,-0.6104584,-0.045898438,-0.03489685
1582893267547,-0.9590912,-0.39437866,0.21963501
1582893267569,-0.114151,0.12031555,-0.120407104
1582893267585,1.6385498,-0.1262207,0.13394165
1582893267625,-1.6460114,-0.051498413,-0.00730896
1582893267647,-1.0041809,-0.28352356,0.12594604
1582893267667,0.8006897,0.08598328,0.019195557
1582893267686,0.10505676,-0.16835022,0.18818665
1582893267702,0.17004395,-0.042617798,0.063690186
1582893267724,-0.24691772,-0.034805298,0.06484985
1582893267738,-0.16989136,-0.12486267,0.11038208
1582893267757,0.77508545,0.12838745,-0.01133728
1582893267778,0.3785553,-0.06680298,0.07876587
1582893267797,-1.2004395,-0.099746704,-0.0135650635
1582893267816,-0.6551056,-0.12940979,-0.060333252
1582893267837,1.4964294,0.112594604,-0.1605072
1582893267856,0.45248413,-0.04399109,-0.026397705
1582893267876,-2.5636597,-0.24108887,-0.07559204
1582893267895,-0.2848053,-0.07510376,-0.045013428
1582893267927,2.3012695,0.17845154,0.087387085
1582893267932,0.3871765,-0.013595581,0.09890747
1582893267950,-0.10702515,-0.05706787,0.06867981
1582893267969,0.10057068,0.07078552,-0.011581421
1582893267989,-1.0846558,-0.14146423,-0.023895264
1582893268009,0.74694824,-0.043502808,0.0683136
1582893268029,1.4096985,0.13748169,-0.013153076
1582893268049,-1.742157,-0.317688,0.038497925
1582893268067,-0.8000183,0.016723633,-0.16545105
1582893268106,1.5808411,-0.08404541,0.090286255
1582893268123,-1.4401703,-0.067840576,-0.02078247
1582893268141,-0.9033966,-0.19186401,0.005493164
1582893268160,1.8340149,0.065338135,0.10746765
1582893268183,0.72421265,-0.017608643,0.1468811
1582893268200,-0.8595123,-0.08872986,0.122024536
1582893268218,-0.18699646,-0.062286377,0.11141968
1582893268238,0.23587036,-0.020904541,0.054122925
1582893268263,-0.050064087,-0.013153076,0.021240234
1582893268276,-0.050582886,-0.08648682,0.097717285
1582893268307,-0.15890503,-0.06523132,0.14099121
1582893268314,-0.81474304,-0.026123047,0.075302124
1582893268332,0.07598877,0.013458252,0.096343994
1582893268357,0.6224518,0.0098724365,0.23382568
1582893268373,0.7949066,0.103302,0.22944641
1582893268391,0.9427643,0.041488647,0.25509644
1582893268413,-1.0904388,0.08703613,0.046051025
1582893268430,-0.53900146,-0.04598999,0.10046387
1582893268451,-0.36134338,0.097732544,0.0064697266
1582893268490,0.037231445,0.045700073,0.06526184
1582893268490,1.1946411,0.12194824,0.18063354
1582893268506,0.5506439,0.15641785,0.14758301
1582893268526,-0.7301178,-0.07777405,0.22842407
1582893268572,-2.0259705,0.0892334,-0.12657166
1582893268584,0.6097412,0.11489868,-0.0736084
1582893268603,2.894394,0.45333862,-0.11579895
1582893268621,-2.1067963,-0.08784485,-0.0980072
1582893268641,-3.1244812,-0.26235962,-0.07310486
1582893268666,1.4251709,0.23646545,-0.08279419
1582893268679,2.153885,0.30264282,-0.07511902
1582893268698,0.47894287,0.1683197,-0.13449097
1582893268718,-0.16317749,0.023803711,-0.10838318
1582893268739,-0.10273743,0.094451904,-0.21438599
1582893268773,-0.8082123,0.08807373,-0.30648804
1582893268776,-0.3107605,0.07608032,-0.3055725
1582893268795,0.5959015,0.043411255,-0.22009277
1582893268815,0.94696045,0.08383179,-0.19132996
1582893268833,0.38249207,-0.038772583,-0.092056274
1582893268879,-1.3390808,0.07987976,-0.24050903
1582893268880,-1.171936,-0.09761047,-0.19122314
1582893268889,1.141098,0.06565857,-0.15142822
1582893268908,1.2132874,0.19525146,-0.16294861
1582893268928,-2.54039,-0.31730652,-0.16612244
1582893268948,-1.2221069,-0.19682312,-0.16462708
1582893268966,2.6278687,0.3145752,-0.09109497
1582893268986,2.2980652,0.079208374,-0.055877686
1582893269007,-3.3381348,-0.15625,-0.30471802
1582893269066,-0.40174866,-0.17449951,-0.16842651
1582893269066,0.91900635,0.2130127,-0.28504944
1582893269082,0.46324158,-0.19380188,0.04170227
1582893269100,-0.68756104,-0.028396606,-0.13923645
1582893269120,-0.65486145,-0.133255,-0.11361694
1582893269139,0.6748657,-0.051101685,-0.078186035
1582893269183,0.24571228,0.014160156,-0.17626953
1582893269184,-0.5475311,-0.19050598,-0.10977173
1582893269195,-0.5778351,-0.10536194,-0.13038635
1582893269215,0.319458,-0.089538574,0.0053253174
1582893269236,0.65408325,-0.01979065,0.076431274
1582893269265,0.2959137,-0.03175354,0.10702515
1582893269273,-0.15690613,-0.012649536,0.07684326
1582893269291,-0.1742096,-0.014877319,0.06851196
1582893269310,0.2565155,-0.020309448,0.10801697
1582893269331,-0.01499939,-0.027877808,0.14506531
1582893269350,-0.20231628,-0.07444763,0.18208313
1582893269369,0.7792969,-0.013076782,0.19697571
1582893269388,-0.11906433,0.011871338,0.058792114
1582893269408,-1.0401611,-0.0154418945,-0.017715454
1582893269446,-0.4144287,-0.020217896,-0.005706787
1582893269446,1.4563751,0.0040130615,0.14268494
1582893269464,0.029129028,0.09379578,-0.023620605
1582893269505,-1.2373352,-0.06430054,-0.047195435
1582893269524,0.04219055,0.09710693,-0.09008789
1582893269543,0.5811615,0.0390625,-0.014312744
1582893269578,0.084854126,-0.046875,-0.027160645
1582893269580,-0.790802,0.051330566,-0.19342041
1582893269598,-0.005218506,0.01121521,-0.1426239
1582893269629,1.3300781,0.1855011,-0.11288452
1582893269638,-0.14646912,-0.010650635,-0.08911133
1582893269656,-2.0464783,-0.16200256,-0.19850159
1582893269675,0.048980713,-0.0017242432,-0.18670654
1582893269696,1.5605927,0.12710571,-0.12983704
1582893269716,0.18977356,0.0076293945,-0.118377686
1582893269737,-1.5660553,-0.22253418,-0.16871643
1582893269754,-0.5458832,-0.053588867,-0.27627563
1582893269777,1.8464966,0.16775513,-0.19416809
1582893269792,1.188324,0.083358765,-0.16531372
1582893269832,-1.1985779,-0.083114624,-0.27490234
1582893269832,-0.3447876,-0.1131897,-0.20681763
1582893269848,1.0282288,0.060638428,-0.14494324
1582893269868,1.2494354,0.1613617,-0.16143799
1582893269887,-0.35531616,-0.05204773,-0.111068726
1582893269905,-1.0331726,-0.08642578,-0.1255188
1582893269928,-0.0035095215,-0.0032043457,-0.07287598
1582893269964,1.1043243,0.093811035,-0.09475708
1582893269982,0.4834137,0.004470825,-0.15750122
1582893270001,-0.99432373,-0.12335205,-0.24440002
1582893270020,-0.44036865,-0.15409851,-0.22306824
1582893270039,0.059814453,-0.054733276,-0.31402588
1582893270060,0.2871704,0.0209198,-0.3996277
1582893270079,0.22868347,-0.15539551,-0.31402588
1582893270099,-0.46122742,-0.09239197,-0.3972931
1582893270122,0.642746,-0.109191895,-0.34526062
1582893270138,0.28211975,-0.08465576,-0.36712646
1582893270158,-0.19828796,-0.1461792,-0.31576538
1582893270183,0.21455383,-0.19039917,-0.19419861
1582893270205,-0.85614014,-0.21099854,-0.23391724
1582893270214,-0.25030518,-0.15264893,-0.23008728
1582893270232,0.6834259,-0.111968994,-0.11231995
1582893270251,-0.40356445,-0.2335968,-0.013473511
1582893270271,-0.9387207,-0.21977234,-0.028244019
1582893270292,0.06185913,-0.12960815,0.029632568
1582893270311,1.0753479,0.009017944,0.13069153
1582893270330,0.53863525,-0.037109375,0.22479248
1582893270365,-0.62724304,-0.20251465,0.27537537
1582893270365,-0.75953674,-0.10118103,0.113967896
1582893270389,0.67803955,-0.049331665,0.14506531
1582893270405,1.4007721,0.1466217,0.09739685
1582893270444,-0.52948,-0.1913147,0.19204712
1582893270462,-0.9334259,-0.2015686,0.111968994
1582893270483,0.7810669,0.005218506,0.062210083
1582893270503,0.6014252,-0.017700195,0.032043457
1582893270521,-0.7188873,-0.15441895,-0.036087036
1582893270540,-0.31280518,-0.16853333,-0.058135986
1582893270558,0.77589417,-0.09140015,-0.06488037
1582893270592,0.22505188,-0.060409546,-0.10594177
1582893270596,-0.19558716,-0.12614441,-0.04862976
1582893270614,-0.14744568,-0.09132385,-0.035461426
1582893270634,0.01109314,-0.11607361,-0.012039185
1582893270655,-0.03161621,-0.047424316,-0.04966736
1582893270676,-0.43321228,-0.045806885,-0.03086853
1582893270698,-0.48451233,-0.027130127,0.03086853
1582893270714,0.098739624,-0.04307556,0.13392639
1582893270733,1.6393738,-0.03692627,0.29585266
1582893270768,-0.3577881,-0.04421997,0.24972534
1582893270772,-2.2415466,-0.13153076,0.073898315
1582893270805,-0.28364563,0.042785645,0.08605957
1582893270806,1.6446533,0.05697632,0.25682068
1582893270827,0.9883423,0.093444824,0.17041016
1582893270846,-0.7054901,-0.13668823,0.1486969
1582893270865,-0.65982056,-0.016540527,-0.034240723
1582893270885,0.42514038,0.076828,-0.08055115
1582893270924,0.6588135,-0.038864136,-0.057296753
1582893270943,-0.5497284,-0.083740234,-0.17393494
1582893270962,-0.4320221,-0.15351868,-0.17134094
1582893270994,0.23345947,0.020233154,-0.20977783
1582893271001,0.28741455,-0.023925781,-0.1510315
1582893271018,-0.44506836,-0.11810303,-0.106658936
1582893271036,-0.41542053,-0.12562561,-0.12550354
1582893271057,0.3137207,0.023605347,-0.15010071
1582893271077,0.5340729,0.0010986328,-0.047561646
1582893271097,0.13606262,-0.0068359375,0.045654297
1582893271116,0.13952637,-0.060913086,0.15306091
1582893271133,-0.056381226,-0.08857727,0.1519165
1582893271191,-0.21513367,-0.019454956,0.018997192
1582893271191,0.18296814,-0.028182983,0.04182434
1582893271192,0.13311768,0.0181427,0.07984924
1582893271209,-0.21418762,-0.07601929,0.15396118
1582893271228,-0.11022949,-0.090408325,0.14918518
1582893271248,0.020385742,-0.052368164,0.074645996
1582893271268,0.22026062,0.05645752,-0.011505127
1582893271287,-0.48841858,-0.070739746,-0.0342865
1582893271305,0.8089142,0.043304443,0.012939453
1582893271324,0.027313232,-0.11242676,0.014602661
1582893271358,-1.8015289,-0.17355347,-0.1023407
1582893271380,-0.21128845,-0.030883789,-0.09460449
1582893271401,1.779602,0.05441284,0.07470703
1582893271419,0.35862732,0.1081543,-0.054611206
1582893271440,-0.9832306,-0.23202515,0.015350342
1582893271460,-0.0011138916,-0.06355286,-0.09069824
1582893271479,0.2935028,0.054473877,-0.1544342
1582893271498,-0.0067596436,-0.03552246,-0.05064392
1582893271517,-0.39465332,-0.13465881,0.06500244
1582893271560,-0.07098389,-0.042022705,0.13432312
1582893271565,0.0975647,-0.036743164,0.1856842
1582893271585,0.122802734,-0.024993896,0.2020874
1582893271593,0.116744995,0.015182495,0.21360779
1582893271613,-0.21130371,-0.019897461,0.25012207
1582893271632,0.22180176,0.05632019,0.24867249
1582893271652,0.13426208,0.0018920898,0.23426819
1582893271670,-0.19644165,0.0023498535,0.18748474
1582893271690,0.16793823,4.119873E-4,0.21374512
1582893271709,0.10050964,0.014572144,0.24629211
1582893271729,-0.95932007,-0.005645752,0.14759827
1582893271774,-0.6090088,-0.011520386,0.15919495
1582893271774,0.31661987,0.07319641,0.13215637
1582893271787,1.1716614,0.12631226,0.14131165
1582893271804,0.06373596,0.03643799,0.09591675
1582893271823,-1.160141,-0.05647278,0.019744873
1582893271864,-0.4477234,0.05848694,-0.015335083
1582893271881,1.0062256,0.09838867,0.06762695
1582893271900,0.3805542,0.075027466,0.012939453
1582893271920,-0.78300476,-0.026153564,0.010604858
1582893271951,0.006500244,0.1149292,0.027542114
1582893271959,0.6749115,0.16886902,0.05809021
1582893271983,-0.21543884,0.011795044,0.12107849
1582893271997,-0.44415283,0.0031585693,0.10383606
1582893272015,0.16130066,0.09539795,0.044937134
1582893272035,0.3446045,0.080825806,0.035125732
1582893272054,-0.18299866,0.04286194,0.018356323
1582893272073,-0.5050354,-0.019699097,0.023544312
1582893272094,-7.6293945E-4,0.033294678,-0.0043945312
1582893272129,0.32635498,0.09811401,-0.08226013
1582893272129,-0.12055969,0.026550293,-0.13285828
1582893272150,-0.14550781,0.04270935,-0.16026306
1582893272167,0.064575195,0.02633667,-0.1686554
1582893272188,0.009231567,-0.01171875,-0.20872498
1582893272208,-0.24028015,0.049972534,-0.2995758
1582893272229,-0.054122925,0.02609253,-0.26957703
1582893272248,0.14450073,0.013961792,-0.1899414
1582893272265,0.35266113,-0.04547119,-0.14640808
1582893272286,-0.21388245,0.043151855,-0.26837158
1582893272337,-0.62353516,-0.009613037,-0.29234314
1582893272344,0.1328125,0.03919983,-0.2513733
1582893272367,0.3225708,0.044006348,-0.19314575
1582893272378,-0.18435669,-0.044784546,-0.15771484
1582893272398,-0.0236969,0.027114868,-0.19587708
1582893272418,0.29771423,0.029052734,-0.2035675
1582893272438,0.021011353,0.016311646,-0.22935486
1582893272456,-0.24505615,-0.026443481,-0.22200012
1582893272480,-0.041809082,-0.076660156,-0.14334106
1582893272520,0.14091492,-0.01373291,-0.1370697
1582893272520,0.22172546,0.030700684,-0.14976501
1582893272532,-0.022064209,-0.003616333,-0.12542725
1582893272551,-0.14756775,-0.055099487,-0.066604614
1582893272570,-0.0045166016,-0.066223145,-0.026016235
1582893272590,0.10647583,-0.0519104,-0.037261963
1582893272610,-0.05230713,-0.057357788,-0.06072998
1582893272630,-0.31419373,-0.088256836,-0.050109863
1582893272650,-0.11367798,-0.052856445,-0.027709961
1582893272667,0.34210205,-0.022598267,0.010131836
1582893272705,-0.018722534,-0.04421997,0.0024108887
1582893272707,-0.40264893,0.0037231445,-0.051849365
1582893272724,-0.09169006,-0.06616211,0.03126526
1582893272743,0.23417664,0.035064697,0.06518555
1582893272762,0.14628601,0.021743774,0.11231995
1582893272802,-0.17475891,0.005004883,0.08453369
1582893272823,-0.10771179,-0.008529663,0.040359497
1582893272843,0.29667664,0.06037903,0.01878357
1582893272859,0.012924194,-0.0027618408,0.060195923
1582893272905,-0.3990631,0.0057373047,0.06434631
1582893272906,0.057678223,0.021743774,0.1015625
1582893272916,0.3851776,0.09994507,0.08804321
1582893272935,-0.042037964,0.042633057,0.07432556
1582893272962,-0.16938782,0.022979736,0.047027588
1582893272973,-0.02810669,0.023071289,0.014450073
1582893272992,0.069885254,0.038757324,-0.03315735
1582893273013,0.06956482,0.032333374,-0.054626465
1582893273032,0.11643982,0.038848877,-0.052993774
1582893273053,0.2797699,0.07398987,-0.0460968
1582893273086,0.011230469,0.061935425,-0.032669067
1582893273088,-0.20326233,0.05029297,-0.019073486
1582893273107,0.019226074,0.09828186,-0.026412964
1582893273127,0.01234436,0.06906128,-0.01977539
1582893273167,0.009841919,0.060256958,-0.029754639
1582893273167,0.19648743,0.063323975,-0.03552246
1582893273185,0.18847656,0.04588318,-0.06854248
1582893273204,-0.08265686,0.065826416,-0.08215332
1582893273224,-0.015731812,0.008560181,-0.009048462
1582893273263,0.09887695,0.06454468,0.0044555664
1582893273289,0.0071411133,-0.001739502,0.018203735
1582893273299,-0.008270264,0.021621704,-0.00881958
1582893273319,0.043548584,-0.010848999,0.024642944
1582893273338,0.009628296,0.0043029785,0.033966064
1582893273365,0.012893677,-0.0017547607,0.079559326
1582893273376,0.015258789,0.010177612,0.09883118
1582893273395,-0.043380737,0.012832642,0.11428833
1582893273415,0.034835815,0.010681152,0.09979248
1582893273435,0.008743286,0.004333496,0.07511902
1582893273467,0.010803223,-0.007858276,0.044296265
1582893273471,-0.004486084,1.8310547E-4,0.015014648
1582893273491,0.022918701,3.8146973E-4,-7.9345703E-4
1582893273510,0.04069519,-0.010726929,-0.029953003
1582893273530,-0.06568909,-0.009597778,-0.0995636
1582893273568,-0.029388428,-0.03741455,-0.12142944
1582893273569,0.12664795,-0.015411377,-0.121520996
1582893273588,-0.04748535,-0.033569336,-0.08035278
1582893273607,-0.04475403,-0.012359619,-0.055740356
1582893273626,0.068359375,-0.016586304,0.0034179688
1582893273647,0.06788635,-0.026412964,0.043258667
1582893273676,-0.101882935,-0.0143585205,0.07675171
1582893273684,0.04824829,-0.031158447,0.0990448
1582893273701,0.014541626,0.006576538,0.09429932
1582893273741,0.017532349,-0.059402466,0.09539795
1582893273770,-0.10775757,-0.018478394,0.06967163
1582893273779,0.10266113,-0.049804688,0.065826416
1582893273798,-0.005569458,-0.016296387,0.047286987
1582893273817,-0.0014343262,-0.047698975,0.06367493
1582893273862,-0.030227661,0.010543823,0.0549469
1582893273863,0.0738678,-0.02998352,0.07499695
1582893273876,-0.037841797,0.002670288,0.028945923
1582893273894,-0.023757935,-0.033355713,-0.0051116943
1582893273914,0.029586792,-0.016830444,-0.046157837
1582893273933,0.03591919,-0.033920288,-0.048233032
1582893273971,-0.013977051,-0.012161255,-0.04386902
1582893273972,-0.038223267,-0.0012817383,-0.024719238
1582893273990,-0.0015869141,0.0051116943,-0.025436401
1582893274009,0.04168701,-0.022979736,-0.03967285
1582893274043,-0.04600525,-0.04673767,-0.056015015
1582893274048,0.009277344,-0.028076172,-0.07048035
1582893274067,0.01625061,-0.019210815,-0.017532349
1582893274086,0.019104004,0.0041046143,0.027038574
1582893274105,-0.12522888,0.050582886,0.06373596
1582893274127,-0.032089233,-0.0070495605,0.06655884
1582893274154,0.042144775,-0.008636475,0.049850464
1582893274165,0.014419556,-0.06364441,0.027267456
1582893274201,-0.10832214,-0.03718567,-0.0010986328
1582893274245,0.13369751,-0.014328003,0.0022888184
1582893274245,-0.059890747,0.035614014,3.0517578E-5
1582893274260,-0.0418396,-0.03302002,0.032348633
1582893274277,-0.042785645,0.0048980713,-0.0015106201
1582893274297,0.09095764,-0.0011138916,-0.0011444092
1582893274314,-0.007461548,0.011657715,0.0041656494
1582893274334,-0.10745239,-0.036895752,0.01651001
1582893274356,-0.04084778,-0.031143188,-0.0057678223
1582893274372,0.093307495,-0.02217102,-0.016403198
1582893274392,0.006011963,0.009963989,-0.016555786
1582893274415,-0.06022644,-0.013427734,0.021362305
1582893274430,-0.0138549805,-0.00642395,0.022094727
1582893274450,0.046844482,-0.010238647,0.011245728
1582893274471,0.0029296875,-0.007003784,-0.0077819824
1582893274489,0.015655518,-0.008041382,-1.2207031E-4
1582893274507,-0.036071777,-0.005203247,0.010055542
1582893274526,-0.01737976,0.0019378662,0.011932373
1582893274544,-0.07380676,0.022613525,-0.0259552
1582893274564,-0.039093018,-0.008911133,-0.0342865
1582893274584,-0.04937744,-0.017181396,-0.025146484
1582893274605,0.047592163,-0.043319702,0.0036315918
1582893274631,0.05545044,-0.021194458,0.01600647
